version 4


// File extracted from /home/charbie/Documents/Programmation/biobuddy/examples/models/wholebody_scaled.osim on the 2025-04-17 18:31

// Original file publication : Whole body model that consists of 23 bodies, 42 degrees of freedom and 30 muscles. The whole-body geometric model and the lower limbs, pelvis and upper limbs anthropometry are based on the running model of Hammer et al. 2010 which consists of 12 segments and 29 degrees of freedom. Extra segments and degrees of freedom were later added based on Dumas et al. 2007. Muscles Each lower extremity had seven degrees-of-freedom; the hip was modeled as a ball-and-socket joint (3 dofs), the knee was modeled as a revolute joint with 1 dof, the ankle was modeled as 2 revolute joints and feet toes with one revolute joint. The pelvis joint was model as a free flyer joint (6 dofs) to allow the model to translate and rotate in the 3D space, the lumbar motion was modeled as a ball-and-socket joint (3 dofs) (Anderson and Pandy, 1999) and the neck joint was modeled as a ball-and-socket joint (3 dofs). Mass properties of the torso and head (including the neck) segments were estimated from Dumas et al., 2007. Each arm consisted of 8 degrees-of-freedom; the shoulder was modeled as a ball-and-socket joint (3 dofs), the elbow and forearm rotation were each modeled with revolute joints (1 dof) (Holzbaur et al., 2005), the wrist flexion and deviation were each modeled with revolute joints and the hand fingers were modeled with 1 revolute joint. Mass properties for the arms were estimated from 1 and de Leva, 1996. The model also include 30 superficial muscles of the whole body..

// Original file credit : Delp S.L., Loan J.P., Hoy M.G., Zajac F.E., Topp E.L., Rosen J.M., Thelen D.G., Anderson F.C., Seth A., Hamner S.R.

// Force units : N

// Length units : meters


gravity	0.0	-9.80665	0.0


// --------------------------------------------------------------
// SEGMENTS
// --------------------------------------------------------------

segment	ground
	parent	base
	RTinMatrix	1
	RT
		1.000000	0.000000	0.000000	0.000000
		0.000000	1.000000	0.000000	0.000000
		0.000000	0.000000	1.000000	0.000000
		0.000000	0.000000	0.000000	1.000000
endsegment



segment	pelvis_parent_offset
	parent	ground
	RTinMatrix	1
	RT
		1.000000	0.000000	0.000000	0.000000
		0.000000	1.000000	0.000000	0.000000
		0.000000	0.000000	1.000000	0.000000
		0.000000	0.000000	0.000000	1.000000
endsegment



segment	pelvis_translation
	parent	pelvis_parent_offset
	RTinMatrix	1
	RT
		1.000000	0.000000	0.000000	0.000000
		0.000000	1.000000	0.000000	0.000000
		0.000000	0.000000	1.000000	0.000000
		0.000000	0.000000	0.000000	1.000000
	translations	xyz
endsegment



segment	pelvis_rotation_transform
	parent	pelvis_translation
	RTinMatrix	1
	RT
		0.000000	1.000000	0.000000	0.000000
		0.000000	0.000000	1.000000	0.000000
		1.000000	0.000000	0.000000	0.000000
		0.000000	0.000000	0.000000	1.000000
	rotations	xyz
endsegment



segment	pelvis_reset_axis
	parent	pelvis_rotation_transform
	RTinMatrix	1
	RT
		0.000000	0.000000	1.000000	0.000000
		1.000000	0.000000	0.000000	0.000000
		0.000000	1.000000	0.000000	0.000000
		0.000000	0.000000	0.000000	1.000000
endsegment



segment	pelvis_geom_2
	parent	pelvis_reset_axis
	RTinMatrix	1
	RT
		1.000000	0.000000	0.000000	0.000000
		0.000000	1.000000	0.000000	0.000000
		0.000000	0.000000	1.000000	0.000000
		0.000000	0.000000	0.000000	1.000000
	meshfile	Geometry_cleaned/pelvis.vtp
	meshcolor	1.0	1.0	1.0
	meshscale	1.0	1.0	1.0
	meshrt	0.0	0.0	0.0	xyz	0.0	0.0	0.0
endsegment



segment	pelvis_geom_3
	parent	pelvis_reset_axis
	RTinMatrix	1
	RT
		1.000000	0.000000	0.000000	0.000000
		0.000000	1.000000	0.000000	0.000000
		0.000000	0.000000	1.000000	0.000000
		0.000000	0.000000	0.000000	1.000000
	meshfile	Geometry_cleaned/l_pelvis.vtp
	meshcolor	1.0	1.0	1.0
	meshscale	1.0	1.0	1.0
	meshrt	0.0	0.0	0.0	xyz	0.0	0.0	0.0
endsegment



segment	pelvis
	parent	pelvis_geom_3
	RTinMatrix	1
	RT
		1.000000	0.000000	0.000000	-0.000000
		0.000000	1.000000	0.000000	-0.000000
		0.000000	0.000000	1.000000	-0.000000
		0.000000	0.000000	0.000000	1.000000
	mass	12.641691713181626
	CenterOfMass	-0.070700	0.000000	0.000000
	inertia
		0.110348	0.000000	0.000000
		0.000000	0.093495	0.000000
		0.000000	0.000000	0.062151
	meshfile	Geometry_cleaned/sacrum.vtp
	meshcolor	1.0	1.0	1.0
	meshscale	1.0	1.0	1.0
	meshrt	0.0	0.0	0.0	xyz	0.0	0.0	0.0
endsegment

marker	RASIS
	parent	pelvis
	position	-0.0121	0.0484	0.1359
	technical	1
	anatomical	0
endmarker
marker	LASIS
	parent	pelvis
	position	-0.0068	0.0494	-0.1201
	technical	1
	anatomical	0
endmarker
marker	LPSIS
	parent	pelvis
	position	-0.1996	0.0469	-0.0224
	technical	1
	anatomical	0
endmarker
marker	RPSIS
	parent	pelvis
	position	-0.1994	0.0494	0.0385
	technical	1
	anatomical	0
endmarker



segment	femur_r_parent_offset
	parent	pelvis
	RTinMatrix	1
	RT
		1.000000	0.000000	0.000000	-0.070700
		0.000000	1.000000	0.000000	-0.066100
		0.000000	0.000000	1.000000	0.083500
		0.000000	0.000000	0.000000	1.000000
endsegment



segment	femur_r_translation
	parent	femur_r_parent_offset
	RTinMatrix	1
	RT
		1.000000	0.000000	0.000000	0.000000
		0.000000	1.000000	0.000000	0.000000
		0.000000	0.000000	1.000000	0.000000
		0.000000	0.000000	0.000000	1.000000
endsegment



segment	femur_r_rotation_transform
	parent	femur_r_translation
	RTinMatrix	1
	RT
		0.000000	1.000000	0.000000	0.000000
		0.000000	0.000000	1.000000	0.000000
		1.000000	0.000000	0.000000	0.000000
		0.000000	0.000000	0.000000	1.000000
	rotations	xyz
endsegment



segment	femur_r_reset_axis
	parent	femur_r_rotation_transform
	RTinMatrix	1
	RT
		0.000000	0.000000	1.000000	0.000000
		1.000000	0.000000	0.000000	0.000000
		0.000000	1.000000	0.000000	0.000000
		0.000000	0.000000	0.000000	1.000000
endsegment



segment	femur_r
	parent	femur_r_reset_axis
	RTinMatrix	1
	RT
		1.000000	0.000000	0.000000	-0.000000
		0.000000	1.000000	0.000000	-0.000000
		0.000000	0.000000	1.000000	-0.000000
		0.000000	0.000000	0.000000	1.000000
	mass	9.984328037784458
	CenterOfMass	0.000000	-0.170000	0.000000
	inertia
		0.143731	0.000000	0.000000
		0.000000	0.037677	0.000000
		0.000000	0.000000	0.151567
	meshfile	Geometry_cleaned/femur_r.vtp
	meshcolor	1.0	1.0	1.0
	meshscale	1.0	1.0	1.0
	meshrt	0.0	0.0	0.0	xyz	0.0	0.0	0.0
endsegment

marker	RLFE
	parent	femur_r
	position	0.0147	-0.4081	0.0650
	technical	1
	anatomical	0
endmarker
marker	RMFE
	parent	femur_r
	position	0.0021	-0.4201	-0.0519
	technical	1
	anatomical	0
endmarker
marker	RGT
	parent	femur_r
	position	0.0247	0.0241	0.1122
	technical	1
	anatomical	0
endmarker



segment	tibia_r_parent_offset
	parent	femur_r
	RTinMatrix	1
	RT
		1.000000	0.000000	0.000000	0.000000
		0.000000	1.000000	0.000000	-0.390000
		0.000000	0.000000	1.000000	0.000000
		0.000000	0.000000	0.000000	1.000000
endsegment



segment	tibia_r_translation
	parent	tibia_r_parent_offset
	RTinMatrix	1
	RT
		1.000000	0.000000	0.000000	0.000000
		0.000000	1.000000	0.000000	0.000000
		0.000000	0.000000	1.000000	0.000000
		0.000000	0.000000	0.000000	1.000000
endsegment



segment	tibia_r_rotation_transform
	parent	tibia_r_translation
	RTinMatrix	1
	RT
		0.000000	0.000000	1.000000	0.000000
		0.000000	1.000000	0.000000	0.000000
		1.000000	0.000000	0.000000	0.000000
		0.000000	0.000000	0.000000	1.000000
	rotations	x
endsegment



segment	tibia_r_reset_axis
	parent	tibia_r_rotation_transform
	RTinMatrix	1
	RT
		0.000000	0.000000	1.000000	0.000000
		0.000000	1.000000	0.000000	0.000000
		1.000000	0.000000	0.000000	0.000000
		0.000000	0.000000	0.000000	1.000000
endsegment



segment	tibia_r_geom_2
	parent	tibia_r_reset_axis
	RTinMatrix	1
	RT
		1.000000	0.000000	0.000000	0.000000
		0.000000	1.000000	0.000000	0.000000
		0.000000	0.000000	1.000000	0.000000
		0.000000	0.000000	0.000000	1.000000
	meshfile	Geometry_cleaned/fibula_r.vtp
	meshcolor	1.0	1.0	1.0
	meshscale	1.0	1.0	1.0
	meshrt	0.0	0.0	0.0	xyz	0.0	0.0	0.0
endsegment



segment	tibia_r
	parent	tibia_r_geom_2
	RTinMatrix	1
	RT
		1.000000	0.000000	0.000000	-0.000000
		0.000000	1.000000	0.000000	-0.000000
		0.000000	0.000000	1.000000	-0.000000
		0.000000	0.000000	0.000000	1.000000
	mass	3.9797123228853595
	CenterOfMass	0.000000	-0.186700	0.000000
	inertia
		0.054100	0.000000	0.000000
		0.000000	0.005474	0.000000
		0.000000	0.000000	0.054852
	meshfile	Geometry_cleaned/tibia_r.vtp
	meshcolor	1.0	1.0	1.0
	meshscale	1.0	1.0	1.0
	meshrt	0.0	0.0	0.0	xyz	0.0	0.0	0.0
endsegment

marker	RATT
	parent	tibia_r
	position	0.0560	-0.0812	0.0297
	technical	1
	anatomical	0
endmarker
marker	RLM
	parent	tibia_r
	position	-0.0255	-0.4605	0.0378
	technical	1
	anatomical	0
endmarker
marker	RSPH
	parent	tibia_r
	position	0.0091	-0.4488	-0.0376
	technical	1
	anatomical	0
endmarker



segment	talus_r_parent_offset
	parent	tibia_r
	RTinMatrix	1
	RT
		1.000000	0.000000	0.000000	0.000000
		0.000000	1.000000	0.000000	-0.430000
		0.000000	0.000000	1.000000	0.000000
		0.000000	0.000000	0.000000	1.000000
endsegment



segment	talus_r_translation
	parent	talus_r_parent_offset
	RTinMatrix	1
	RT
		1.000000	0.000000	0.000000	0.000000
		0.000000	1.000000	0.000000	0.000000
		0.000000	0.000000	1.000000	0.000000
		0.000000	0.000000	0.000000	1.000000
endsegment



segment	talus_r_ankle_angle_r
	parent	talus_r_translation
	RTinMatrix	1
	RT
		-0.105014	0.068090	-0.992137	0.000000
		-0.174022	0.981001	0.085746	0.000000
		0.979126	0.181659	-0.091169	0.000000
		0.000000	0.000000	0.000000	1.000000
	rotations	x
endsegment



segment	talus_r_rotation_1
	parent	talus_r_ankle_angle_r
	RTinMatrix	1
	RT
		-0.005536	-0.174022	0.984726	0.000000
		0.086098	0.981001	0.173848	0.000000
		-0.996271	0.085746	0.009552	0.000000
		0.000000	0.000000	0.000000	1.000000
endsegment



segment	talus_r_rotation_2
	parent	talus_r_rotation_1
	RTinMatrix	1
	RT
		0.000787	-0.005566	0.999984	0.000000
		0.990163	0.139921	-0.000000	0.000000
		-0.139919	0.990147	0.005622	0.000000
		0.000000	0.000000	0.000000	1.000000
endsegment



segment	talus_r_reset_axis
	parent	talus_r_rotation_2
	RTinMatrix	1
	RT
		0.014921	0.990163	-0.139124	0.000000
		-0.105592	0.139921	0.984516	0.000000
		0.994298	-0.000000	0.106641	0.000000
		0.000000	0.000000	0.000000	1.000000
endsegment



segment	talus_r
	parent	talus_r_reset_axis
	RTinMatrix	1
	RT
		1.000000	0.000000	0.000000	-0.000000
		0.000000	1.000000	0.000000	-0.000000
		0.000000	0.000000	1.000000	-0.000000
		0.000000	0.000000	0.000000	1.000000
	mass	0.10734220695577504
	CenterOfMass	0.000000	0.000000	0.000000
	inertia
		0.001073	0.000000	0.000000
		0.000000	0.001073	0.000000
		0.000000	0.000000	0.001073
	meshfile	Geometry_cleaned/talus_rv.vtp
	meshcolor	1.0	1.0	1.0
	meshscale	1.0	1.0	1.0
	meshrt	0.0	0.0	0.0	xyz	0.0	0.0	0.0
endsegment



segment	calcn_r_parent_offset
	parent	talus_r
	RTinMatrix	1
	RT
		1.000000	0.000000	0.000000	-0.048770
		0.000000	1.000000	0.000000	-0.041950
		0.000000	0.000000	1.000000	0.007920
		0.000000	0.000000	0.000000	1.000000
endsegment



segment	calcn_r_translation
	parent	calcn_r_parent_offset
	RTinMatrix	1
	RT
		1.000000	0.000000	0.000000	0.000000
		0.000000	1.000000	0.000000	0.000000
		0.000000	0.000000	1.000000	0.000000
		0.000000	0.000000	0.000000	1.000000
endsegment



segment	calcn_r_subtalar_angle_r
	parent	calcn_r_translation
	RTinMatrix	1
	RT
		0.787180	0.454640	0.416714	0.000000
		0.604747	-0.436515	-0.666134	0.000000
		-0.120949	0.776374	-0.618558	0.000000
		0.000000	0.000000	0.000000	1.000000
	rotations	x
endsegment



segment	calcn_r_rotation_1
	parent	calcn_r_subtalar_angle_r
	RTinMatrix	1
	RT
		0.197390	0.604747	-0.771568	0.000000
		0.892469	-0.436515	-0.113816	0.000000
		-0.405631	-0.666134	-0.625882	0.000000
		0.000000	0.000000	0.000000	1.000000
endsegment



segment	calcn_r_rotation_2
	parent	calcn_r_rotation_1
	RTinMatrix	1
	RT
		-0.209754	0.132028	-0.968799	0.000000
		0.532699	0.846305	0.000000	0.000000
		0.819899	-0.516079	-0.247847	0.000000
		0.000000	0.000000	0.000000	1.000000
endsegment



segment	calcn_r_reset_axis
	parent	calcn_r_rotation_2
	RTinMatrix	1
	RT
		-0.836488	0.532699	0.128526	0.000000
		0.526520	0.846305	-0.080899	0.000000
		-0.151867	0.000000	-0.988401	0.000000
		0.000000	0.000000	0.000000	1.000000
endsegment



segment	calcn_r
	parent	calcn_r_reset_axis
	RTinMatrix	1
	RT
		1.000000	0.000000	0.000000	-0.000000
		0.000000	1.000000	0.000000	-0.000000
		0.000000	0.000000	1.000000	-0.000000
		0.000000	0.000000	0.000000	1.000000
	mass	1.341777586947188
	CenterOfMass	0.100000	0.030000	0.000000
	inertia
		0.001503	0.000000	0.000000
		0.000000	0.004186	0.000000
		0.000000	0.000000	0.004401
	meshfile	Geometry_cleaned/foot.vtp
	meshcolor	1.0	1.0	1.0
	meshscale	1.0	1.0	1.0
	meshrt	0.0	0.0	0.0	xyz	0.0	0.0	0.0
endsegment

marker	RCAL
	parent	calcn_r
	position	-0.0034	-0.0389	-0.0361
	technical	1
	anatomical	0
endmarker
marker	RMFH1
	parent	calcn_r
	position	0.1960	0.0040	-0.0399
	technical	1
	anatomical	0
endmarker
marker	RMFH5
	parent	calcn_r
	position	0.1626	-0.0337	0.0611
	technical	1
	anatomical	0
endmarker



segment	toes_r_parent_offset
	parent	calcn_r
	RTinMatrix	1
	RT
		1.000000	0.000000	0.000000	0.178800
		0.000000	1.000000	0.000000	-0.002000
		0.000000	0.000000	1.000000	0.001080
		0.000000	0.000000	0.000000	1.000000
endsegment



segment	toes_r_translation
	parent	toes_r_parent_offset
	RTinMatrix	1
	RT
		1.000000	0.000000	0.000000	0.000000
		0.000000	1.000000	0.000000	0.000000
		0.000000	0.000000	1.000000	0.000000
		0.000000	0.000000	0.000000	1.000000
endsegment



segment	toes_r_rotation_transform
	parent	toes_r_translation
	RTinMatrix	1
	RT
		-0.580954	0.000000	0.813936	0.000000
		0.000000	1.000000	-0.000000	0.000000
		0.813936	0.000000	0.580954	0.000000
		0.000000	0.000000	0.000000	1.000000
	rotations	x
endsegment



segment	toes_r_reset_axis
	parent	toes_r_rotation_transform
	RTinMatrix	1
	RT
		-0.580954	0.000000	0.813936	0.000000
		0.000000	1.000000	0.000000	0.000000
		0.813936	0.000000	0.580954	0.000000
		0.000000	0.000000	0.000000	1.000000
endsegment



segment	toes_r
	parent	toes_r_reset_axis
	RTinMatrix	1
	RT
		1.000000	0.000000	0.000000	-0.000000
		0.000000	1.000000	0.000000	-0.000000
		0.000000	0.000000	1.000000	-0.000000
		0.000000	0.000000	0.000000	1.000000
	mass	0.2325032202662087
	CenterOfMass	0.034600	0.006000	-0.017500
	inertia
		0.000107	0.000000	0.000000
		0.000000	0.000215	0.000000
		0.000000	0.000000	0.001073
	meshfile	Geometry_cleaned/bofoot.vtp
	meshcolor	1.0	1.0	1.0
	meshscale	1.0	1.0	1.0
	meshrt	0.0	0.0	0.0	xyz	0.0	0.0	0.0
endsegment

marker	RTT2
	parent	toes_r
	position	0.0655	0.0136	0.0185
	technical	1
	anatomical	0
endmarker



segment	femur_l_parent_offset
	parent	pelvis
	RTinMatrix	1
	RT
		1.000000	0.000000	0.000000	-0.070700
		0.000000	1.000000	0.000000	-0.066100
		0.000000	0.000000	1.000000	-0.083500
		0.000000	0.000000	0.000000	1.000000
endsegment



segment	femur_l_translation
	parent	femur_l_parent_offset
	RTinMatrix	1
	RT
		1.000000	0.000000	0.000000	0.000000
		0.000000	1.000000	0.000000	0.000000
		0.000000	0.000000	1.000000	0.000000
		0.000000	0.000000	0.000000	1.000000
endsegment



segment	femur_l_rotation_transform
	parent	femur_l_translation
	RTinMatrix	1
	RT
		0.000000	-1.000000	0.000000	0.000000
		0.000000	0.000000	-1.000000	0.000000
		1.000000	0.000000	0.000000	0.000000
		0.000000	0.000000	0.000000	1.000000
	rotations	xyz
endsegment



segment	femur_l_reset_axis
	parent	femur_l_rotation_transform
	RTinMatrix	1
	RT
		0.000000	0.000000	1.000000	0.000000
		-1.000000	-0.000000	-0.000000	0.000000
		-0.000000	-1.000000	-0.000000	0.000000
		0.000000	0.000000	0.000000	1.000000
endsegment



segment	femur_l
	parent	femur_l_reset_axis
	RTinMatrix	1
	RT
		1.000000	0.000000	0.000000	-0.000000
		0.000000	1.000000	0.000000	-0.000000
		0.000000	0.000000	1.000000	-0.000000
		0.000000	0.000000	0.000000	1.000000
	mass	9.984328037784458
	CenterOfMass	0.000000	-0.170000	0.000000
	inertia
		0.143731	0.000000	0.000000
		0.000000	0.037677	0.000000
		0.000000	0.000000	0.151567
	meshfile	Geometry_cleaned/femur_l.vtp
	meshcolor	1.0	1.0	1.0
	meshscale	1.0	1.0	1.0
	meshrt	0.0	0.0	0.0	xyz	0.0	0.0	0.0
endsegment

marker	LGT
	parent	femur_l
	position	0.0101	-0.0070	-0.1159
	technical	1
	anatomical	0
endmarker
marker	LLFE
	parent	femur_l
	position	0.0152	-0.3949	-0.0609
	technical	1
	anatomical	0
endmarker
marker	LMFE
	parent	femur_l
	position	-0.0039	-0.4248	0.0535
	technical	1
	anatomical	0
endmarker



segment	tibia_l_parent_offset
	parent	femur_l
	RTinMatrix	1
	RT
		1.000000	0.000000	0.000000	0.000000
		0.000000	1.000000	0.000000	-0.390000
		0.000000	0.000000	1.000000	0.000000
		0.000000	0.000000	0.000000	1.000000
endsegment



segment	tibia_l_translation
	parent	tibia_l_parent_offset
	RTinMatrix	1
	RT
		1.000000	0.000000	0.000000	0.000000
		0.000000	1.000000	0.000000	0.000000
		0.000000	0.000000	1.000000	0.000000
		0.000000	0.000000	0.000000	1.000000
endsegment



segment	tibia_l_rotation_transform
	parent	tibia_l_translation
	RTinMatrix	1
	RT
		0.000000	0.000000	1.000000	0.000000
		0.000000	1.000000	0.000000	0.000000
		1.000000	0.000000	0.000000	0.000000
		0.000000	0.000000	0.000000	1.000000
	rotations	x
endsegment



segment	tibia_l_reset_axis
	parent	tibia_l_rotation_transform
	RTinMatrix	1
	RT
		0.000000	0.000000	1.000000	0.000000
		0.000000	1.000000	0.000000	0.000000
		1.000000	0.000000	0.000000	0.000000
		0.000000	0.000000	0.000000	1.000000
endsegment



segment	tibia_l_geom_2
	parent	tibia_l_reset_axis
	RTinMatrix	1
	RT
		1.000000	0.000000	0.000000	0.000000
		0.000000	1.000000	0.000000	0.000000
		0.000000	0.000000	1.000000	0.000000
		0.000000	0.000000	0.000000	1.000000
	meshfile	Geometry_cleaned/fibula_l.vtp
	meshcolor	1.0	1.0	1.0
	meshscale	1.0	1.0	1.0
	meshrt	0.0	0.0	0.0	xyz	0.0	0.0	0.0
endsegment



segment	tibia_l
	parent	tibia_l_geom_2
	RTinMatrix	1
	RT
		1.000000	0.000000	0.000000	-0.000000
		0.000000	1.000000	0.000000	-0.000000
		0.000000	0.000000	1.000000	-0.000000
		0.000000	0.000000	0.000000	1.000000
	mass	3.9797123228853595
	CenterOfMass	0.000000	-0.186700	0.000000
	inertia
		0.054100	0.000000	0.000000
		0.000000	0.005474	0.000000
		0.000000	0.000000	0.054852
	meshfile	Geometry_cleaned/tibia_l.vtp
	meshcolor	1.0	1.0	1.0
	meshscale	1.0	1.0	1.0
	meshrt	0.0	0.0	0.0	xyz	0.0	0.0	0.0
endsegment

marker	LATT
	parent	tibia_l
	position	0.0481	-0.0864	-0.0222
	technical	1
	anatomical	0
endmarker
marker	LLM
	parent	tibia_l
	position	-0.0164	-0.4725	-0.0388
	technical	1
	anatomical	0
endmarker
marker	LSPH
	parent	tibia_l
	position	0.0059	-0.4458	0.0412
	technical	1
	anatomical	0
endmarker



segment	talus_l_parent_offset
	parent	tibia_l
	RTinMatrix	1
	RT
		1.000000	0.000000	0.000000	0.000000
		0.000000	1.000000	0.000000	-0.430000
		0.000000	0.000000	1.000000	0.000000
		0.000000	0.000000	0.000000	1.000000
endsegment



segment	talus_l_translation
	parent	talus_l_parent_offset
	RTinMatrix	1
	RT
		1.000000	0.000000	0.000000	0.000000
		0.000000	1.000000	0.000000	0.000000
		0.000000	0.000000	1.000000	0.000000
		0.000000	0.000000	0.000000	1.000000
endsegment



segment	talus_l_ankle_angle_l
	parent	talus_l_translation
	RTinMatrix	1
	RT
		0.105014	0.047417	-0.993340	0.000000
		0.174022	0.982574	0.065300	0.000000
		0.979126	-0.179721	0.094932	0.000000
		0.000000	0.000000	0.000000	1.000000
	rotations	x
endsegment



segment	talus_l_rotation_1
	parent	talus_l_ankle_angle_l
	RTinMatrix	1
	RT
		0.725587	0.174022	0.665762	0.000000
		-0.083111	0.982574	-0.166254	0.000000
		-0.683093	0.065300	0.727407	0.000000
		0.000000	0.000000	0.000000	1.000000
endsegment



segment	talus_l_rotation_2
	parent	talus_l_rotation_1
	RTinMatrix	1
	RT
		-0.723946	0.137187	0.676078	0.000000
		0.186186	0.982515	0.000000	0.000000
		-0.664256	0.125876	-0.736830	0.000000
		0.000000	0.000000	0.000000	1.000000
endsegment



segment	talus_l_reset_axis
	parent	talus_l_rotation_2
	RTinMatrix	1
	RT
		-0.104776	0.186186	-0.976912	0.000000
		0.019855	0.982515	0.185124	0.000000
		0.994298	-0.000000	-0.106641	0.000000
		0.000000	0.000000	0.000000	1.000000
endsegment



segment	talus_l
	parent	talus_l_reset_axis
	RTinMatrix	1
	RT
		1.000000	0.000000	0.000000	-0.000000
		0.000000	1.000000	0.000000	-0.000000
		0.000000	0.000000	1.000000	-0.000000
		0.000000	0.000000	0.000000	1.000000
	mass	0.10734220695577504
	CenterOfMass	0.000000	0.000000	0.000000
	inertia
		0.001073	0.000000	0.000000
		0.000000	0.001073	0.000000
		0.000000	0.000000	0.001073
	meshfile	Geometry_cleaned/talus_lv.vtp
	meshcolor	1.0	1.0	1.0
	meshscale	1.0	1.0	1.0
	meshrt	0.0	0.0	0.0	xyz	0.0	0.0	0.0
endsegment



segment	calcn_l_parent_offset
	parent	talus_l
	RTinMatrix	1
	RT
		1.000000	0.000000	0.000000	-0.048770
		0.000000	1.000000	0.000000	-0.041950
		0.000000	0.000000	1.000000	-0.007920
		0.000000	0.000000	0.000000	1.000000
endsegment



segment	calcn_l_translation
	parent	calcn_l_parent_offset
	RTinMatrix	1
	RT
		1.000000	0.000000	0.000000	0.000000
		0.000000	1.000000	0.000000	0.000000
		0.000000	0.000000	1.000000	0.000000
		0.000000	0.000000	0.000000	1.000000
endsegment



segment	calcn_l_subtalar_angle_l
	parent	calcn_l_translation
	RTinMatrix	1
	RT
		-0.787180	-0.055636	-0.614209	0.000000
		-0.604747	-0.125683	0.786438	0.000000
		-0.120949	0.990509	0.065289	0.000000
		0.000000	0.000000	0.000000	1.000000
	rotations	x
endsegment



segment	calcn_l_rotation_1
	parent	calcn_l_subtalar_angle_l
	RTinMatrix	1
	RT
		-0.371928	-0.604747	0.704237	0.000000
		0.917745	-0.125683	0.376760	0.000000
		-0.139334	0.786438	0.601749	0.000000
		0.000000	0.000000	0.000000	1.000000
endsegment



segment	calcn_l_rotation_2
	parent	calcn_l_rotation_1
	RTinMatrix	1
	RT
		0.350581	0.308517	0.884257	0.000000
		-0.660635	0.750707	-0.000000	0.000000
		-0.663818	-0.584171	0.467001	0.000000
		0.000000	0.000000	0.000000	1.000000
endsegment



segment	calcn_l_reset_axis
	parent	calcn_l_rotation_2
	RTinMatrix	1
	RT
		0.742000	-0.660635	0.114008	0.000000
		0.652972	0.750707	0.100329	0.000000
		-0.151867	0.000000	0.988401	0.000000
		0.000000	0.000000	0.000000	1.000000
endsegment



segment	calcn_l
	parent	calcn_l_reset_axis
	RTinMatrix	1
	RT
		1.000000	0.000000	0.000000	-0.000000
		0.000000	1.000000	0.000000	-0.000000
		0.000000	0.000000	1.000000	-0.000000
		0.000000	0.000000	0.000000	1.000000
	mass	1.341777586947188
	CenterOfMass	0.100000	0.030000	0.000000
	inertia
		0.001503	0.000000	0.000000
		0.000000	0.004186	0.000000
		0.000000	0.000000	0.004401
	meshfile	Geometry_cleaned/l_foot.vtp
	meshcolor	1.0	1.0	1.0
	meshscale	1.0	1.0	1.0
	meshrt	0.0	0.0	0.0	xyz	0.0	0.0	0.0
endsegment

marker	LCAL
	parent	calcn_l
	position	-0.0016	-0.0487	0.0200
	technical	1
	anatomical	0
endmarker
marker	LMFH1
	parent	calcn_l
	position	0.2012	0.0061	0.0431
	technical	1
	anatomical	0
endmarker
marker	LMFH5
	parent	calcn_l
	position	0.1634	-0.0398	-0.0625
	technical	1
	anatomical	0
endmarker



segment	toes_l_parent_offset
	parent	calcn_l
	RTinMatrix	1
	RT
		1.000000	0.000000	0.000000	0.178800
		0.000000	1.000000	0.000000	-0.002000
		0.000000	0.000000	1.000000	-0.001080
		0.000000	0.000000	0.000000	1.000000
endsegment



segment	toes_l_translation
	parent	toes_l_parent_offset
	RTinMatrix	1
	RT
		1.000000	0.000000	0.000000	0.000000
		0.000000	1.000000	0.000000	0.000000
		0.000000	0.000000	1.000000	0.000000
		0.000000	0.000000	0.000000	1.000000
endsegment



segment	toes_l_rotation_transform
	parent	toes_l_translation
	RTinMatrix	1
	RT
		0.580954	0.000000	0.813936	0.000000
		0.000000	1.000000	0.000000	0.000000
		0.813936	0.000000	-0.580954	0.000000
		0.000000	0.000000	0.000000	1.000000
	rotations	x
endsegment



segment	toes_l_reset_axis
	parent	toes_l_rotation_transform
	RTinMatrix	1
	RT
		0.580954	0.000000	0.813936	0.000000
		0.000000	1.000000	0.000000	0.000000
		0.813936	0.000000	-0.580954	0.000000
		0.000000	0.000000	0.000000	1.000000
endsegment



segment	toes_l
	parent	toes_l_reset_axis
	RTinMatrix	1
	RT
		1.000000	0.000000	0.000000	-0.000000
		0.000000	1.000000	0.000000	-0.000000
		0.000000	0.000000	1.000000	-0.000000
		0.000000	0.000000	0.000000	1.000000
	mass	0.2325032202662087
	CenterOfMass	0.034600	0.006000	0.017500
	inertia
		0.000107	0.000000	0.000000
		0.000000	0.000215	0.000000
		0.000000	0.000000	0.001073
	meshfile	Geometry_cleaned/l_bofoot.vtp
	meshcolor	1.0	1.0	1.0
	meshscale	1.0	1.0	1.0
	meshrt	0.0	0.0	0.0	xyz	0.0	0.0	0.0
endsegment

marker	LTT2
	parent	toes_l
	position	0.0643	0.0146	-0.0253
	technical	1
	anatomical	0
endmarker



segment	torso_parent_offset
	parent	pelvis
	RTinMatrix	1
	RT
		1.000000	0.000000	0.000000	-0.100700
		0.000000	1.000000	0.000000	0.081500
		0.000000	0.000000	1.000000	0.000000
		0.000000	0.000000	0.000000	1.000000
endsegment



segment	torso_translation
	parent	torso_parent_offset
	RTinMatrix	1
	RT
		1.000000	0.000000	0.000000	0.000000
		0.000000	1.000000	0.000000	0.000000
		0.000000	0.000000	1.000000	0.000000
		0.000000	0.000000	0.000000	1.000000
endsegment



segment	torso_rotation_transform
	parent	torso_translation
	RTinMatrix	1
	RT
		0.000000	1.000000	0.000000	0.000000
		0.000000	0.000000	1.000000	0.000000
		1.000000	0.000000	0.000000	0.000000
		0.000000	0.000000	0.000000	1.000000
	rotations	xyz
endsegment



segment	torso_reset_axis
	parent	torso_rotation_transform
	RTinMatrix	1
	RT
		0.000000	0.000000	1.000000	0.000000
		1.000000	0.000000	0.000000	0.000000
		0.000000	1.000000	0.000000	0.000000
		0.000000	0.000000	0.000000	1.000000
endsegment



segment	torso_geom_2
	parent	torso_reset_axis
	RTinMatrix	1
	RT
		1.000000	0.000000	0.000000	0.000000
		0.000000	1.000000	0.000000	0.000000
		0.000000	0.000000	1.000000	0.000000
		0.000000	0.000000	0.000000	1.000000
	meshfile	Geometry_cleaned/hat_ribs_scap.vtp
	meshcolor	1.0	1.0	1.0
	meshscale	1.0	1.0	1.0
	meshrt	0.0	0.0	0.0	xyz	0.0	0.0	0.0
endsegment



segment	torso
	parent	torso_geom_2
	RTinMatrix	1
	RT
		1.000000	0.000000	0.000000	-0.000000
		0.000000	1.000000	0.000000	-0.000000
		0.000000	0.000000	1.000000	-0.000000
		0.000000	0.000000	0.000000	1.000000
	mass	22.842421640188928
	CenterOfMass	0.003000	0.246000	0.000000
	inertia
		0.673571	0.000000	0.000000
		0.000000	0.673571	0.000000
		0.000000	0.000000	0.907669
	meshfile	Geometry_cleaned/hat_spine.vtp
	meshcolor	1.0	1.0	1.0
	meshscale	1.0	1.0	1.0
	meshrt	0.0	0.0	0.0	xyz	0.0	0.0	0.0
endsegment

marker	STR
	parent	torso
	position	0.1171	0.2709	-0.0029
	technical	1
	anatomical	0
endmarker
marker	RA
	parent	torso
	position	-0.0404	0.4513	0.1762
	technical	1
	anatomical	0
endmarker
marker	LA
	parent	torso
	position	-0.0434	0.4612	-0.1768
	technical	1
	anatomical	0
endmarker
marker	C7
	parent	torso
	position	-0.0743	0.4799	0.0000
	technical	1
	anatomical	0
endmarker
marker	T10
	parent	torso
	position	-0.1076	0.2684	-0.0006
	technical	1
	anatomical	0
endmarker
marker	SUP
	parent	torso
	position	0.0644	0.4328	-0.0056
	technical	1
	anatomical	0
endmarker



segment	head_and_neck_parent_offset
	parent	torso
	RTinMatrix	1
	RT
		1.000000	0.000000	0.000000	-0.010000
		0.000000	1.000000	0.000000	0.445000
		0.000000	0.000000	1.000000	-0.000000
		0.000000	0.000000	0.000000	1.000000
endsegment



segment	head_and_neck_translation
	parent	head_and_neck_parent_offset
	RTinMatrix	1
	RT
		1.000000	0.000000	0.000000	0.000000
		0.000000	1.000000	0.000000	0.000000
		0.000000	0.000000	1.000000	0.000000
		0.000000	0.000000	0.000000	1.000000
endsegment



segment	head_and_neck_rotation_transform
	parent	head_and_neck_translation
	RTinMatrix	1
	RT
		0.000000	1.000000	0.000000	0.000000
		0.000000	0.000000	1.000000	0.000000
		1.000000	0.000000	0.000000	0.000000
		0.000000	0.000000	0.000000	1.000000
	rotations	xyz
endsegment



segment	head_and_neck_reset_axis
	parent	head_and_neck_rotation_transform
	RTinMatrix	1
	RT
		0.000000	0.000000	1.000000	0.000000
		1.000000	0.000000	0.000000	0.000000
		0.000000	1.000000	0.000000	0.000000
		0.000000	0.000000	0.000000	1.000000
endsegment



segment	head_and_neck_geom_2
	parent	head_and_neck_reset_axis
	RTinMatrix	1
	RT
		1.000000	0.000000	0.000000	0.000000
		0.000000	1.000000	0.000000	0.060000
		0.000000	0.000000	1.000000	0.000000
		0.000000	0.000000	0.000000	1.000000
	meshfile	Geometry_cleaned/skull.vtp
	meshcolor	1.0	1.0	1.0
	meshscale	1.0	1.0	1.0
	meshrt	0.0	0.0	0.0	xyz	0.0	0.0	0.0
endsegment



segment	head_and_neck
	parent	head_and_neck_geom_2
	RTinMatrix	1
	RT
		1.000000	0.000000	0.000000	-0.000000
		0.000000	1.000000	0.000000	-0.000000
		0.000000	0.000000	1.000000	-0.000000
		0.000000	0.000000	0.000000	1.000000
	mass	5.034349506225849
	CenterOfMass	-0.006000	0.149000	0.000000
	inertia
		0.028804	0.000243	0.000270
		0.000243	0.018733	0.000120
		0.000270	0.000120	0.028911
	meshfile	Geometry_cleaned/jaw.vtp
	meshcolor	1.0	1.0	1.0
	meshscale	1.0	1.0	1.0
	meshrt	0.0	0.0	0.0	xyz	0.0	0.0	0.0
endsegment

marker	SEL
	parent	head_and_neck
	position	0.1410	0.2444	0.0016
	technical	1
	anatomical	0
endmarker
marker	OCC
	parent	head_and_neck
	position	-0.0780	0.1588	-0.0086
	technical	1
	anatomical	0
endmarker
marker	RTEMP
	parent	head_and_neck
	position	0.0312	0.2178	0.0922
	technical	1
	anatomical	0
endmarker
marker	LTEMP
	parent	head_and_neck
	position	0.0270	0.2141	-0.0898
	technical	1
	anatomical	0
endmarker
marker	HV
	parent	head_and_neck
	position	0.0010	0.3159	0.0077
	technical	1
	anatomical	0
endmarker



segment	humerus_r_parent_offset
	parent	torso
	RTinMatrix	1
	RT
		1.000000	0.000000	0.000000	0.003155
		0.000000	1.000000	0.000000	0.371500
		0.000000	0.000000	1.000000	0.170000
		0.000000	0.000000	0.000000	1.000000
endsegment



segment	humerus_r_translation
	parent	humerus_r_parent_offset
	RTinMatrix	1
	RT
		1.000000	0.000000	0.000000	0.000000
		0.000000	1.000000	0.000000	0.000000
		0.000000	0.000000	1.000000	0.000000
		0.000000	0.000000	0.000000	1.000000
endsegment



segment	humerus_r_rotation_transform
	parent	humerus_r_translation
	RTinMatrix	1
	RT
		0.000000	1.000000	0.000000	0.000000
		0.000000	0.000000	1.000000	0.000000
		1.000000	0.000000	0.000000	0.000000
		0.000000	0.000000	0.000000	1.000000
	rotations	xyz
endsegment



segment	humerus_r_reset_axis
	parent	humerus_r_rotation_transform
	RTinMatrix	1
	RT
		0.000000	0.000000	1.000000	0.000000
		1.000000	0.000000	0.000000	0.000000
		0.000000	1.000000	0.000000	0.000000
		0.000000	0.000000	0.000000	1.000000
endsegment



segment	humerus_r
	parent	humerus_r_reset_axis
	RTinMatrix	1
	RT
		1.000000	0.000000	0.000000	-0.000000
		0.000000	1.000000	0.000000	-0.000000
		0.000000	0.000000	1.000000	-0.000000
		0.000000	0.000000	0.000000	1.000000
	mass	2.1817303563761277
	CenterOfMass	0.000000	-0.164502	0.000000
	inertia
		0.012823	0.000000	0.000000
		0.000000	0.004424	0.000000
		0.000000	0.000000	0.014394
	meshfile	Geometry_cleaned/humerus_rv.vtp
	meshcolor	1.0	1.0	1.0
	meshscale	1.0	1.0	1.0
	meshrt	0.0	0.0	0.0	xyz	0.0	0.0	0.0
endsegment

marker	RLHE
	parent	humerus_r
	position	-0.0060	-0.2898	0.0356
	technical	1
	anatomical	0
endmarker
marker	RMHE
	parent	humerus_r
	position	-0.0296	-0.2921	-0.0435
	technical	1
	anatomical	0
endmarker



segment	ulna_r_parent_offset
	parent	humerus_r
	RTinMatrix	1
	RT
		1.000000	0.000000	0.000000	0.013144
		0.000000	1.000000	0.000000	-0.286273
		0.000000	0.000000	1.000000	-0.009595
		0.000000	0.000000	0.000000	1.000000
endsegment



segment	ulna_r_translation
	parent	ulna_r_parent_offset
	RTinMatrix	1
	RT
		1.000000	0.000000	0.000000	0.000000
		0.000000	1.000000	0.000000	0.000000
		0.000000	0.000000	1.000000	0.000000
		0.000000	0.000000	0.000000	1.000000
endsegment



segment	ulna_r_elbow_flex_r
	parent	ulna_r_translation
	RTinMatrix	1
	RT
		0.226047	0.888980	-0.398268	0.000000
		0.022269	0.404027	0.914476	0.000000
		0.973862	-0.215584	0.071532	0.000000
		0.000000	0.000000	0.000000	1.000000
	rotations	x
endsegment



segment	ulna_r_rotation_1
	parent	ulna_r_elbow_flex_r
	RTinMatrix	1
	RT
		0.999267	0.022269	-0.031146	0.000000
		-0.037492	0.404027	-0.913978	0.000000
		-0.007769	0.914476	0.404566	0.000000
		0.000000	0.000000	0.000000	1.000000
endsegment



segment	ulna_r_rotation_2
	parent	ulna_r_rotation_1
	RTinMatrix	1
	RT
		-0.684974	0.727901	-0.031154	0.000000
		0.728254	0.685307	-0.000000	0.000000
		0.021350	-0.022688	-0.999515	0.000000
		0.000000	0.000000	0.000000	1.000000
endsegment



segment	ulna_r_reset_axis
	parent	ulna_r_rotation_2
	RTinMatrix	1
	RT
		-0.154950	0.728254	-0.667560	0.000000
		0.164661	0.685307	0.709395	0.000000
		0.974103	0.000000	-0.226103	0.000000
		0.000000	0.000000	0.000000	1.000000
endsegment



segment	ulna_r
	parent	ulna_r_reset_axis
	RTinMatrix	1
	RT
		1.000000	0.000000	0.000000	-0.000000
		0.000000	1.000000	0.000000	-0.000000
		0.000000	0.000000	1.000000	-0.000000
		0.000000	0.000000	0.000000	1.000000
	mass	0.6521039072563334
	CenterOfMass	0.000000	-0.120525	0.000000
	inertia
		0.003179	0.000000	0.000000
		0.000000	0.000663	0.000000
		0.000000	0.000000	0.003449
	meshfile	Geometry_cleaned/ulna_rv.vtp
	meshcolor	1.0	1.0	1.0
	meshscale	1.0	1.0	1.0
	meshrt	0.0	0.0	0.0	xyz	0.0	0.0	0.0
endsegment



segment	radius_r_parent_offset
	parent	ulna_r
	RTinMatrix	1
	RT
		1.000000	0.000000	0.000000	-0.006727
		0.000000	1.000000	0.000000	-0.013007
		0.000000	0.000000	1.000000	0.026083
		0.000000	0.000000	0.000000	1.000000
endsegment



segment	radius_r_translation
	parent	radius_r_parent_offset
	RTinMatrix	1
	RT
		1.000000	0.000000	0.000000	0.000000
		0.000000	1.000000	0.000000	0.000000
		0.000000	0.000000	1.000000	0.000000
		0.000000	0.000000	0.000000	1.000000
endsegment



segment	radius_r_pro_sup_r
	parent	radius_r_translation
	RTinMatrix	1
	RT
		0.056398	0.244643	0.967972	0.000000
		0.998406	-0.015715	-0.054200	0.000000
		0.001952	0.969486	-0.245140	0.000000
		0.000000	0.000000	0.000000	1.000000
	rotations	x
endsegment



segment	radius_r_rotation_1
	parent	radius_r_pro_sup_r
	RTinMatrix	1
	RT
		0.053190	0.998406	-0.018851	0.000000
		0.582896	-0.015715	0.812395	0.000000
		0.810804	-0.054199	-0.582803	0.000000
		0.000000	0.000000	0.000000	1.000000
endsegment



segment	radius_r_rotation_2
	parent	radius_r_rotation_1
	RTinMatrix	1
	RT
		-0.826809	0.452552	-0.334042	0.000000
		0.480132	0.877196	0.000000	0.000000
		0.293021	-0.160384	-0.942558	0.000000
		0.000000	0.000000	0.000000	1.000000
endsegment



segment	radius_r_reset_axis
	parent	radius_r_rotation_2
	RTinMatrix	1
	RT
		-0.876671	0.480132	-0.030349	0.000000
		0.479844	0.877196	0.016611	0.000000
		0.034598	-0.000000	-0.999401	0.000000
		0.000000	0.000000	0.000000	1.000000
endsegment



segment	radius_r
	parent	radius_r_reset_axis
	RTinMatrix	1
	RT
		1.000000	0.000000	0.000000	-0.000000
		0.000000	1.000000	0.000000	-0.000000
		0.000000	0.000000	1.000000	-0.000000
		0.000000	0.000000	0.000000	1.000000
	mass	0.6521039072563334
	CenterOfMass	0.000000	-0.120525	0.000000
	inertia
		0.003179	0.000000	0.000000
		0.000000	0.000663	0.000000
		0.000000	0.000000	0.003449
	meshfile	Geometry_cleaned/radius_rv.vtp
	meshcolor	1.0	1.0	1.0
	meshscale	1.0	1.0	1.0
	meshrt	0.0	0.0	0.0	xyz	0.0	0.0	0.0
endsegment

marker	RUS
	parent	radius_r
	position	-0.0323	-0.2525	-0.0186
	technical	1
	anatomical	0
endmarker
marker	RRS
	parent	radius_r
	position	0.0059	-0.2452	0.0488
	technical	1
	anatomical	0
endmarker



segment	lunate_r_parent_offset
	parent	radius_r
	RTinMatrix	1
	RT
		1.000000	0.000000	0.000000	-0.008797
		0.000000	0.995004	-0.099833	-0.235841
		0.000000	0.099833	0.995004	0.013610
		0.000000	0.000000	0.000000	1.000000
endsegment



segment	lunate_r_translation
	parent	lunate_r_parent_offset
	RTinMatrix	1
	RT
		1.000000	0.000000	0.000000	0.000000
		0.000000	1.000000	0.000000	0.000000
		0.000000	0.000000	1.000000	0.000000
		0.000000	0.000000	0.000000	1.000000
endsegment



segment	lunate_r_rotation_transform
	parent	lunate_r_translation
	RTinMatrix	1
	RT
		0.000000	1.000000	0.000000	0.000000
		0.000000	0.000000	1.000000	0.000000
		1.000000	0.000000	0.000000	0.000000
		0.000000	0.000000	0.000000	1.000000
	rotations	x
endsegment



segment	lunate_r_reset_axis
	parent	lunate_r_rotation_transform
	RTinMatrix	1
	RT
		0.000000	0.000000	1.000000	0.000000
		1.000000	0.000000	0.000000	0.000000
		0.000000	1.000000	0.000000	0.000000
		0.000000	0.000000	0.000000	1.000000
endsegment



segment	lunate_r
	parent	lunate_r_reset_axis
	RTinMatrix	1
	RT
		1.000000	0.000000	0.000000	-0.000000
		0.000000	1.000000	0.000000	-0.000000
		0.000000	0.000000	1.000000	-0.000000
		0.000000	0.000000	0.000000	1.000000
	mass	0.010734220695577503
	CenterOfMass	0.000000	0.000000	0.000000
	inertia
		0.000011	0.000000	0.000000
		0.000000	0.000011	0.000000
		0.000000	0.000000	0.000011
	meshfile	Geometry_cleaned/lunate_rvs.vtp
	meshcolor	1.0	1.0	1.0
	meshscale	0.85	0.85	0.85
	meshrt	0.0	0.0	0.0	xyz	0.0	0.0	0.0
endsegment



segment	hand_r_parent_offset
	parent	lunate_r
	RTinMatrix	1
	RT
		1.000000	0.000000	0.000000	0.000000
		0.000000	1.000000	0.000000	0.000000
		0.000000	0.000000	1.000000	0.000000
		0.000000	0.000000	0.000000	1.000000
endsegment



segment	hand_r_translation
	parent	hand_r_parent_offset
	RTinMatrix	1
	RT
		1.000000	0.000000	0.000000	0.000000
		0.000000	1.000000	0.000000	0.000000
		0.000000	0.000000	1.000000	0.000000
		0.000000	0.000000	0.000000	1.000000
endsegment



segment	hand_r_rotation_transform
	parent	hand_r_translation
	RTinMatrix	1
	RT
		0.000000	1.000000	0.000000	0.000000
		0.000000	0.000000	1.000000	0.000000
		1.000000	0.000000	0.000000	0.000000
		0.000000	0.000000	0.000000	1.000000
	rotations	y
endsegment



segment	hand_r_reset_axis
	parent	hand_r_rotation_transform
	RTinMatrix	1
	RT
		0.000000	0.000000	1.000000	0.000000
		1.000000	0.000000	0.000000	0.000000
		0.000000	1.000000	0.000000	0.000000
		0.000000	0.000000	0.000000	1.000000
endsegment



segment	hand_r_geom_2
	parent	hand_r_reset_axis
	RTinMatrix	1
	RT
		1.000000	0.000000	0.000000	0.000000
		0.000000	1.000000	0.000000	0.000000
		0.000000	0.000000	1.000000	0.000000
		0.000000	0.000000	0.000000	1.000000
	meshfile	Geometry_cleaned/scaphoid_rvs.vtp
	meshcolor	1.0	1.0	1.0
	meshscale	0.85	0.85	0.85
	meshrt	0.0	0.0	0.0	xyz	0.0	0.0	0.0
endsegment



segment	hand_r_geom_3
	parent	hand_r_reset_axis
	RTinMatrix	1
	RT
		1.000000	0.000000	0.000000	0.000000
		0.000000	1.000000	0.000000	0.000000
		0.000000	0.000000	1.000000	0.000000
		0.000000	0.000000	0.000000	1.000000
	meshfile	Geometry_cleaned/triquetrum_rvs.vtp
	meshcolor	1.0	1.0	1.0
	meshscale	0.85	0.85	0.85
	meshrt	0.0	0.0	0.0	xyz	0.0	0.0	0.0
endsegment



segment	hand_r_geom_4
	parent	hand_r_reset_axis
	RTinMatrix	1
	RT
		1.000000	0.000000	0.000000	0.000000
		0.000000	1.000000	0.000000	0.000000
		0.000000	0.000000	1.000000	0.000000
		0.000000	0.000000	0.000000	1.000000
	meshfile	Geometry_cleaned/hamate_rvs.vtp
	meshcolor	1.0	1.0	1.0
	meshscale	0.85	0.85	0.85
	meshrt	0.0	0.0	0.0	xyz	0.0	0.0	0.0
endsegment



segment	hand_r_geom_5
	parent	hand_r_reset_axis
	RTinMatrix	1
	RT
		1.000000	0.000000	0.000000	0.000000
		0.000000	1.000000	0.000000	0.000000
		0.000000	0.000000	1.000000	0.000000
		0.000000	0.000000	0.000000	1.000000
	meshfile	Geometry_cleaned/capitate_rvs.vtp
	meshcolor	1.0	1.0	1.0
	meshscale	0.85	0.85	0.85
	meshrt	0.0	0.0	0.0	xyz	0.0	0.0	0.0
endsegment



segment	hand_r_geom_6
	parent	hand_r_reset_axis
	RTinMatrix	1
	RT
		1.000000	0.000000	0.000000	0.000000
		0.000000	1.000000	0.000000	0.000000
		0.000000	0.000000	1.000000	0.000000
		0.000000	0.000000	0.000000	1.000000
	meshfile	Geometry_cleaned/trapezoid_rvs.vtp
	meshcolor	1.0	1.0	1.0
	meshscale	0.85	0.85	0.85
	meshrt	0.0	0.0	0.0	xyz	0.0	0.0	0.0
endsegment



segment	hand_r_geom_7
	parent	hand_r_reset_axis
	RTinMatrix	1
	RT
		1.000000	0.000000	0.000000	0.000000
		0.000000	1.000000	0.000000	0.000000
		0.000000	0.000000	1.000000	0.000000
		0.000000	0.000000	0.000000	1.000000
	meshfile	Geometry_cleaned/trapezium_rvs.vtp
	meshcolor	1.0	1.0	1.0
	meshscale	0.85	0.85	0.85
	meshrt	0.0	0.0	0.0	xyz	0.0	0.0	0.0
endsegment



segment	hand_r_geom_8
	parent	hand_r_reset_axis
	RTinMatrix	1
	RT
		1.000000	0.000000	0.000000	0.000000
		0.000000	1.000000	0.000000	0.000000
		0.000000	0.000000	1.000000	0.000000
		0.000000	0.000000	0.000000	1.000000
	meshfile	Geometry_cleaned/metacarpal2_rvs.vtp
	meshcolor	1.0	1.0	1.0
	meshscale	0.85	0.85	0.85
