version 4


// File extracted from /home/charbie/Documents/Programmation/biobuddy/examples/models/wholebody_scaled.osim on the 2025-04-24 16:58

// Original file publication : Whole body model that consists of 23 bodies, 42 degrees of freedom and 30 muscles. The whole-body geometric model and the lower limbs, pelvis and upper limbs anthropometry are based on the running model of Hammer et al. 2010 which consists of 12 segments and 29 degrees of freedom. Extra segments and degrees of freedom were later added based on Dumas et al. 2007. Muscles Each lower extremity had seven degrees-of-freedom; the hip was modeled as a ball-and-socket joint (3 dofs), the knee was modeled as a revolute joint with 1 dof, the ankle was modeled as 2 revolute joints and feet toes with one revolute joint. The pelvis joint was model as a free flyer joint (6 dofs) to allow the model to translate and rotate in the 3D space, the lumbar motion was modeled as a ball-and-socket joint (3 dofs) (Anderson and Pandy, 1999) and the neck joint was modeled as a ball-and-socket joint (3 dofs). Mass properties of the torso and head (including the neck) segments were estimated from Dumas et al., 2007. Each arm consisted of 8 degrees-of-freedom; the shoulder was modeled as a ball-and-socket joint (3 dofs), the elbow and forearm rotation were each modeled with revolute joints (1 dof) (Holzbaur et al., 2005), the wrist flexion and deviation were each modeled with revolute joints and the hand fingers were modeled with 1 revolute joint. Mass properties for the arms were estimated from 1 and de Leva, 1996. The model also include 30 superficial muscles of the whole body..

// Original file credit : Delp S.L., Loan J.P., Hoy M.G., Zajac F.E., Topp E.L., Rosen J.M., Thelen D.G., Anderson F.C., Seth A., Hamner S.R.

// Force units : N

// Length units : meters


gravity	0.0	-9.80665	0.0


// --------------------------------------------------------------
// SEGMENTS
// --------------------------------------------------------------

segment	ground
	parent	base
	RTinMatrix	1
	RT
		1.000000	0.000000	0.000000	0.000000
		0.000000	1.000000	0.000000	0.000000
		0.000000	0.000000	1.000000	0.000000
		0.000000	0.000000	0.000000	1.000000
endsegment



segment	pelvis_parent_offset
	parent	ground
	RTinMatrix	1
	RT
		1.000000	0.000000	0.000000	0.000000
		0.000000	1.000000	0.000000	0.000000
		0.000000	0.000000	1.000000	0.000000
		0.000000	0.000000	0.000000	1.000000
endsegment



segment	pelvis_translation
	parent	pelvis_parent_offset
	RTinMatrix	1
	RT
		1.000000	0.000000	0.000000	0.000000
		0.000000	1.000000	0.000000	0.000000
		0.000000	0.000000	1.000000	0.000000
		0.000000	0.000000	0.000000	1.000000
	translations	xyz
	rangesQ 
		-10.000000	10.000000
		-6.000000	6.000000
		-5.000000	5.000000

endsegment



segment	pelvis_rotation_transform
	parent	pelvis_translation
	RTinMatrix	1
	RT
		0.000000	1.000000	0.000000	0.000000
		0.000000	0.000000	1.000000	0.000000
		1.000000	0.000000	0.000000	0.000000
		0.000000	0.000000	0.000000	1.000000
	rotations	xyz
	rangesQ 
		-3.141600	3.141600
		-3.141600	3.141600
		-3.141600	3.141600

endsegment



segment	pelvis_reset_axis
	parent	pelvis_rotation_transform
	RTinMatrix	1
	RT
		0.000000	0.000000	1.000000	0.000000
		1.000000	0.000000	0.000000	0.000000
		0.000000	1.000000	0.000000	0.000000
		0.000000	0.000000	0.000000	1.000000
endsegment



segment	pelvis_geom_2
	parent	pelvis_reset_axis
	RTinMatrix	1
	RT
		1.000000	0.000000	0.000000	0.000000
		0.000000	1.000000	0.000000	0.000000
		0.000000	0.000000	1.000000	0.000000
		0.000000	0.000000	0.000000	1.000000
	meshfile	Geometry_cleaned/pelvis.vtp
	meshcolor	1.0	1.0	1.0
	meshscale	0.88366772740691	0.88366772740691	0.88366772740691
	meshrt	0.0	0.0	0.0	xyz	0.0	0.0	0.0
endsegment



segment	pelvis_geom_3
	parent	pelvis_reset_axis
	RTinMatrix	1
	RT
		1.000000	0.000000	0.000000	0.000000
		0.000000	1.000000	0.000000	0.000000
		0.000000	0.000000	1.000000	0.000000
		0.000000	0.000000	0.000000	1.000000
	meshfile	Geometry_cleaned/l_pelvis.vtp
	meshcolor	1.0	1.0	1.0
	meshscale	0.88366772740691	0.88366772740691	0.88366772740691
	meshrt	0.0	0.0	0.0	xyz	0.0	0.0	0.0
endsegment



segment	pelvis
	parent	pelvis_geom_3
	RTinMatrix	1
	RT
		1.000000	0.000000	0.000000	-0.000000
		0.000000	1.000000	0.000000	-0.000000
		0.000000	0.000000	1.000000	-0.000000
		0.000000	0.000000	0.000000	1.000000
	mass	6.891020778193859
	CenterOfMass	-0.062475	0.000000	0.000000
	inertia
		0.046970	0.000000	0.000000
		0.000000	0.039797	0.000000
		0.000000	0.000000	0.026455
	meshfile	Geometry_cleaned/sacrum.vtp
	meshcolor	1.0	1.0	1.0
	meshscale	0.88366772740691	0.88366772740691	0.88366772740691
	meshrt	0.0	0.0	0.0	xyz	0.0	0.0	0.0
endsegment

marker	RASIS
	parent	pelvis
	position	-0.0054	0.0272	0.1358
	technical	1
	anatomical	0
endmarker
marker	LASIS
	parent	pelvis
	position	0.0029	0.0374	-0.1198
	technical	1
	anatomical	0
endmarker
marker	LPSIS
	parent	pelvis
	position	-0.1932	0.0396	-0.0241
	technical	1
	anatomical	0
endmarker
marker	RPSIS
	parent	pelvis
	position	-0.1914	0.0386	0.0373
	technical	1
	anatomical	0
endmarker



segment	femur_r_parent_offset
	parent	pelvis
	RTinMatrix	1
	RT
		1.000000	0.000000	0.000000	-0.062475
		0.000000	1.000000	0.000000	-0.058410
		0.000000	0.000000	1.000000	0.073786
		0.000000	0.000000	0.000000	1.000000
endsegment



segment	femur_r_translation
	parent	femur_r_parent_offset
	RTinMatrix	1
	RT
		1.000000	0.000000	0.000000	0.000000
		0.000000	1.000000	0.000000	0.000000
		0.000000	0.000000	1.000000	0.000000
		0.000000	0.000000	0.000000	1.000000
endsegment



segment	femur_r_rotation_transform
	parent	femur_r_translation
	RTinMatrix	1
	RT
		0.000000	1.000000	0.000000	0.000000
		0.000000	0.000000	1.000000	0.000000
		1.000000	0.000000	0.000000	0.000000
		0.000000	0.000000	0.000000	1.000000
	rotations	xyz
	rangesQ 
		-0.523598	2.094395
		-0.872665	0.523599
		-0.785398	0.610865

endsegment



segment	femur_r_reset_axis
	parent	femur_r_rotation_transform
	RTinMatrix	1
	RT
		0.000000	0.000000	1.000000	0.000000
		1.000000	0.000000	0.000000	0.000000
		0.000000	1.000000	0.000000	0.000000
		0.000000	0.000000	0.000000	1.000000
endsegment



segment	femur_r
	parent	femur_r_reset_axis
	RTinMatrix	1
	RT
		1.000000	0.000000	0.000000	-0.000000
		0.000000	1.000000	0.000000	-0.000000
		0.000000	0.000000	1.000000	-0.000000
		0.000000	0.000000	0.000000	1.000000
	mass	10.714196912254414
	CenterOfMass	0.000000	-0.188275	0.000000
	inertia
		0.189181	0.000000	0.000000
		0.000000	0.049591	0.000000
		0.000000	0.000000	0.199495
	meshfile	Geometry_cleaned/femur_r.vtp
	meshcolor	1.0	1.0	1.0
	meshscale	1.1074984669531958	1.1074984669531958	1.1074984669531958
	meshrt	0.0	0.0	0.0	xyz	0.0	0.0	0.0
endsegment

marker	RLFE
	parent	femur_r
	position	0.0050	-0.4335	0.0657
	technical	1
	anatomical	0
endmarker
marker	RMFE
	parent	femur_r
	position	0.0015	-0.4457	-0.0504
	technical	1
	anatomical	0
endmarker
marker	RGT
	parent	femur_r
	position	0.0118	-0.0055	0.1187
	technical	1
	anatomical	0
endmarker



segment	tibia_r_parent_offset
	parent	femur_r
	RTinMatrix	1
	RT
		1.000000	0.000000	0.000000	0.000000
		0.000000	1.000000	0.000000	-0.431924
		0.000000	0.000000	1.000000	0.000000
		0.000000	0.000000	0.000000	1.000000
endsegment



segment	tibia_r_translation
	parent	tibia_r_parent_offset
	RTinMatrix	1
	RT
		1.000000	0.000000	0.000000	0.000000
		0.000000	1.000000	0.000000	0.000000
		0.000000	0.000000	1.000000	0.000000
		0.000000	0.000000	0.000000	1.000000
	translations	xy
	rangesQ 
		-2.443461	0.174533
		-2.443461	0.174533
		-6.283185	6.283185

endsegment



segment	tibia_r_rotation_transform
	parent	tibia_r_translation
	RTinMatrix	1
	RT
		0.000000	0.000000	1.000000	0.000000
		0.000000	1.000000	0.000000	0.000000
		1.000000	0.000000	0.000000	0.000000
		0.000000	0.000000	0.000000	1.000000
	rotations	x
	rangesQ 
		-2.443461	0.174533
		-6.283185	6.283185
		-6.283185	6.283185

endsegment



segment	tibia_r_reset_axis
	parent	tibia_r_rotation_transform
	RTinMatrix	1
	RT
		0.000000	0.000000	1.000000	0.000000
		0.000000	1.000000	0.000000	0.000000
		1.000000	0.000000	0.000000	0.000000
		0.000000	0.000000	0.000000	1.000000
endsegment



segment	tibia_r_geom_2
	parent	tibia_r_reset_axis
	RTinMatrix	1
	RT
		1.000000	0.000000	0.000000	0.000000
		0.000000	1.000000	0.000000	0.000000
		0.000000	0.000000	1.000000	0.000000
		0.000000	0.000000	0.000000	1.000000
	meshfile	Geometry_cleaned/fibula_r.vtp
	meshcolor	1.0	1.0	1.0
	meshscale	1.0035230291939012	1.0035230291939012	1.0035230291939012
	meshrt	0.0	0.0	0.0	xyz	0.0	0.0	0.0
endsegment



segment	tibia_r
	parent	tibia_r_geom_2
	RTinMatrix	1
	RT
		1.000000	0.000000	0.000000	-0.000000
		0.000000	1.000000	0.000000	-0.000000
		0.000000	0.000000	1.000000	-0.000000
		0.000000	0.000000	0.000000	1.000000
	mass	3.177203928774432
	CenterOfMass	0.000000	-0.187358	0.000000
	inertia
		0.043496	0.000000	0.000000
		0.000000	0.004401	0.000000
		0.000000	0.000000	0.044100
	meshfile	Geometry_cleaned/tibia_r.vtp
	meshcolor	1.0	1.0	1.0
	meshscale	1.0035230291939012	1.0035230291939012	1.0035230291939012
	meshrt	0.0	0.0	0.0	xyz	0.0	0.0	0.0
endsegment

marker	RATT
	parent	tibia_r
	position	0.0468	-0.0645	0.0337
	technical	1
	anatomical	0
endmarker
marker	RLM
	parent	tibia_r
	position	-0.0186	-0.4447	0.0383
	technical	1
	anatomical	0
endmarker
marker	RSPH
	parent	tibia_r
	position	0.0165	-0.4317	-0.0367
	technical	1
	anatomical	0
endmarker



segment	talus_r_parent_offset
	parent	tibia_r
	RTinMatrix	1
	RT
		1.000000	0.000000	0.000000	0.000000
		0.000000	1.000000	0.000000	-0.431515
		0.000000	0.000000	1.000000	0.000000
		0.000000	0.000000	0.000000	1.000000
endsegment



segment	talus_r_translation
	parent	talus_r_parent_offset
	RTinMatrix	1
	RT
		1.000000	0.000000	0.000000	0.000000
		0.000000	1.000000	0.000000	0.000000
		0.000000	0.000000	1.000000	0.000000
		0.000000	0.000000	0.000000	1.000000
endsegment



segment	talus_r_ankle_angle_r
	parent	talus_r_translation
	RTinMatrix	1
	RT
		-0.105014	0.068090	-0.992137	0.000000
		-0.174022	0.981001	0.085746	0.000000
		0.979126	0.181659	-0.091169	0.000000
		0.000000	0.000000	0.000000	1.000000
	rotations	x
	rangesQ 
		-0.872665	0.349066

endsegment



segment	talus_r_rotation_1
	parent	talus_r_ankle_angle_r
	RTinMatrix	1
	RT
		-0.005536	-0.174022	0.984726	0.000000
		0.086098	0.981001	0.173848	0.000000
		-0.996271	0.085746	0.009552	0.000000
		0.000000	0.000000	0.000000	1.000000
endsegment



segment	talus_r_rotation_2
	parent	talus_r_rotation_1
	RTinMatrix	1
	RT
		0.000787	-0.005566	0.999984	0.000000
		0.990163	0.139921	-0.000000	0.000000
		-0.139919	0.990147	0.005622	0.000000
		0.000000	0.000000	0.000000	1.000000
endsegment



segment	talus_r_reset_axis
	parent	talus_r_rotation_2
	RTinMatrix	1
	RT
		0.014921	0.990163	-0.139124	0.000000
		-0.105592	0.139921	0.984516	0.000000
		0.994298	-0.000000	0.106641	0.000000
		0.000000	0.000000	0.000000	1.000000
endsegment



segment	talus_r
	parent	talus_r_reset_axis
	RTinMatrix	1
	RT
		1.000000	0.000000	0.000000	-0.000000
		0.000000	1.000000	0.000000	-0.000000
		0.000000	0.000000	1.000000	-0.000000
		0.000000	0.000000	0.000000	1.000000
	mass	0.07541853407059777
	CenterOfMass	0.000000	0.000000	0.000000
	inertia
		0.000697	0.000000	0.000000
		0.000000	0.000697	0.000000
		0.000000	0.000000	0.000697
	meshfile	Geometry_cleaned/talus_rv.vtp
	meshcolor	1.0	1.0	1.0
	meshscale	0.9616832719696813	0.9616832719696813	0.9616832719696813
	meshrt	0.0	0.0	0.0	xyz	0.0	0.0	0.0
endsegment



segment	calcn_r_parent_offset
	parent	talus_r
	RTinMatrix	1
	RT
		1.000000	0.000000	0.000000	-0.046901
		0.000000	1.000000	0.000000	-0.040343
		0.000000	0.000000	1.000000	0.007617
		0.000000	0.000000	0.000000	1.000000
endsegment



segment	calcn_r_translation
	parent	calcn_r_parent_offset
	RTinMatrix	1
	RT
		1.000000	0.000000	0.000000	0.000000
		0.000000	1.000000	0.000000	0.000000
		0.000000	0.000000	1.000000	0.000000
		0.000000	0.000000	0.000000	1.000000
endsegment



segment	calcn_r_subtalar_angle_r
	parent	calcn_r_translation
	RTinMatrix	1
	RT
		0.787180	0.454640	0.416714	0.000000
		0.604747	-0.436515	-0.666134	0.000000
		-0.120949	0.776374	-0.618558	0.000000
		0.000000	0.000000	0.000000	1.000000
	rotations	x
	rangesQ 
		-0.349066	0.523599

endsegment



segment	calcn_r_rotation_1
	parent	calcn_r_subtalar_angle_r
	RTinMatrix	1
	RT
		0.197390	0.604747	-0.771568	0.000000
		0.892469	-0.436515	-0.113816	0.000000
		-0.405631	-0.666134	-0.625882	0.000000
		0.000000	0.000000	0.000000	1.000000
endsegment



segment	calcn_r_rotation_2
	parent	calcn_r_rotation_1
	RTinMatrix	1
	RT
		-0.209754	0.132028	-0.968799	0.000000
		0.532699	0.846305	0.000000	0.000000
		0.819899	-0.516079	-0.247847	0.000000
		0.000000	0.000000	0.000000	1.000000
endsegment



segment	calcn_r_reset_axis
	parent	calcn_r_rotation_2
	RTinMatrix	1
	RT
		-0.836488	0.532699	0.128526	0.000000
		0.526520	0.846305	-0.080899	0.000000
		-0.151867	0.000000	-0.988401	0.000000
		0.000000	0.000000	0.000000	1.000000
endsegment



segment	calcn_r
	parent	calcn_r_reset_axis
	RTinMatrix	1
	RT
		1.000000	0.000000	0.000000	-0.000000
		0.000000	1.000000	0.000000	-0.000000
		0.000000	0.000000	1.000000	-0.000000
		0.000000	0.000000	0.000000	1.000000
	mass	1.2590216853608056
	CenterOfMass	0.105904	0.031771	0.000000
	inertia
		0.001582	0.000000	0.000000
		0.000000	0.004406	0.000000
		0.000000	0.000000	0.004632
	meshfile	Geometry_cleaned/foot.vtp
	meshcolor	1.0	1.0	1.0
	meshscale	1.0590434178809196	1.0590434178809196	1.0590434178809196
	meshrt	0.0	0.0	0.0	xyz	0.0	0.0	0.0
endsegment

marker	RCAL
	parent	calcn_r
	position	-0.0041	-0.0194	-0.0339
	technical	1
	anatomical	0
endmarker
marker	RMFH1
	parent	calcn_r
	position	0.1974	0.0172	-0.0404
	technical	1
	anatomical	0
endmarker
marker	RMFH5
	parent	calcn_r
	position	0.1640	-0.0241	0.0599
	technical	1
	anatomical	0
endmarker



segment	toes_r_parent_offset
	parent	calcn_r
	RTinMatrix	1
	RT
		1.000000	0.000000	0.000000	0.189357
		0.000000	1.000000	0.000000	-0.002118
		0.000000	0.000000	1.000000	0.001144
		0.000000	0.000000	0.000000	1.000000
endsegment



segment	toes_r_translation
	parent	toes_r_parent_offset
	RTinMatrix	1
	RT
		1.000000	0.000000	0.000000	0.000000
		0.000000	1.000000	0.000000	0.000000
		0.000000	0.000000	1.000000	0.000000
		0.000000	0.000000	0.000000	1.000000
endsegment



segment	toes_r_rotation_transform
	parent	toes_r_translation
	RTinMatrix	1
	RT
		-0.580954	0.000000	0.813936	0.000000
		0.000000	1.000000	-0.000000	0.000000
		0.813936	0.000000	0.580954	0.000000
		0.000000	0.000000	0.000000	1.000000
	rotations	x
	rangesQ 
		-0.785398	1.570796
		-6.283185	6.283185
		-6.283185	6.283185

endsegment



segment	toes_r_reset_axis
	parent	toes_r_rotation_transform
	RTinMatrix	1
	RT
		-0.580954	0.000000	0.813936	0.000000
		0.000000	1.000000	0.000000	0.000000
		0.813936	0.000000	0.580954	0.000000
		0.000000	0.000000	0.000000	1.000000
endsegment



segment	toes_r
	parent	toes_r_reset_axis
	RTinMatrix	1
	RT
		1.000000	0.000000	0.000000	-0.000000
		0.000000	1.000000	0.000000	-0.000000
		0.000000	0.000000	1.000000	-0.000000
		0.000000	0.000000	0.000000	1.000000
	mass	0.18325572941735324
	CenterOfMass	0.034574	0.005995	-0.017487
	inertia
		0.000084	0.000000	0.000000
		0.000000	0.000169	0.000000
		0.000000	0.000000	0.000845
	meshfile	Geometry_cleaned/bofoot.vtp
	meshcolor	1.0	1.0	1.0
	meshscale	0.9992459636227149	0.9992459636227149	0.9992459636227149
	meshrt	0.0	0.0	0.0	xyz	0.0	0.0	0.0
endsegment

marker	RTT2
	parent	toes_r
	position	0.0565	0.0130	0.0170
	technical	1
	anatomical	0
endmarker



segment	femur_l_parent_offset
	parent	pelvis
	RTinMatrix	1
	RT
		1.000000	0.000000	0.000000	-0.062475
		0.000000	1.000000	0.000000	-0.058410
		0.000000	0.000000	1.000000	-0.073786
		0.000000	0.000000	0.000000	1.000000
endsegment



segment	femur_l_translation
	parent	femur_l_parent_offset
	RTinMatrix	1
	RT
		1.000000	0.000000	0.000000	0.000000
		0.000000	1.000000	0.000000	0.000000
		0.000000	0.000000	1.000000	0.000000
		0.000000	0.000000	0.000000	1.000000
endsegment



segment	femur_l_rotation_transform
	parent	femur_l_translation
	RTinMatrix	1
	RT
		0.000000	-1.000000	0.000000	0.000000
		0.000000	0.000000	-1.000000	0.000000
		1.000000	0.000000	0.000000	0.000000
		0.000000	0.000000	0.000000	1.000000
	rotations	xyz
	rangesQ 
		-0.523598	2.094395
		-0.872665	0.523599
		-0.785398	0.610865

endsegment



segment	femur_l_reset_axis
	parent	femur_l_rotation_transform
	RTinMatrix	1
	RT
		0.000000	0.000000	1.000000	0.000000
		-1.000000	-0.000000	-0.000000	0.000000
		-0.000000	-1.000000	-0.000000	0.000000
		0.000000	0.000000	0.000000	1.000000
endsegment



segment	femur_l
	parent	femur_l_reset_axis
	RTinMatrix	1
	RT
		1.000000	0.000000	0.000000	-0.000000
		0.000000	1.000000	0.000000	-0.000000
		0.000000	0.000000	1.000000	-0.000000
		0.000000	0.000000	0.000000	1.000000
	mass	9.688378117365515
	CenterOfMass	0.000000	-0.182063	0.000000
	inertia
		0.159967	0.000000	0.000000
		0.000000	0.041933	0.000000
		0.000000	0.000000	0.168688
	meshfile	Geometry_cleaned/femur_l.vtp
	meshcolor	1.0	1.0	1.0
	meshscale	1.070960909347887	1.070960909347887	1.070960909347887
	meshrt	0.0	0.0	0.0	xyz	0.0	0.0	0.0
endsegment

marker	LGT
	parent	femur_l
	position	0.0106	-0.0261	-0.1212
	technical	1
	anatomical	0
endmarker
marker	LLFE
	parent	femur_l
	position	0.0092	-0.4157	-0.0663
	technical	1
	anatomical	0
endmarker
marker	LMFE
	parent	femur_l
	position	-0.0022	-0.4443	0.0499
	technical	1
	anatomical	0
endmarker



segment	tibia_l_parent_offset
	parent	femur_l
	RTinMatrix	1
	RT
		1.000000	0.000000	0.000000	0.000000
		0.000000	1.000000	0.000000	-0.417675
		0.000000	0.000000	1.000000	0.000000
		0.000000	0.000000	0.000000	1.000000
endsegment



segment	tibia_l_translation
	parent	tibia_l_parent_offset
	RTinMatrix	1
	RT
		1.000000	0.000000	0.000000	0.000000
		0.000000	1.000000	0.000000	0.000000
		0.000000	0.000000	1.000000	0.000000
		0.000000	0.000000	0.000000	1.000000
	translations	xy
	rangesQ 
		-2.443461	0.174533
		-2.443461	0.174533
		-6.283185	6.283185

endsegment



segment	tibia_l_rotation_transform
	parent	tibia_l_translation
	RTinMatrix	1
	RT
		0.000000	0.000000	1.000000	0.000000
		0.000000	1.000000	0.000000	0.000000
		1.000000	0.000000	0.000000	0.000000
		0.000000	0.000000	0.000000	1.000000
	rotations	x
	rangesQ 
		-2.443461	0.174533
		-6.283185	6.283185
		-6.283185	6.283185

endsegment



segment	tibia_l_reset_axis
	parent	tibia_l_rotation_transform
	RTinMatrix	1
	RT
		0.000000	0.000000	1.000000	0.000000
		0.000000	1.000000	0.000000	0.000000
		1.000000	0.000000	0.000000	0.000000
		0.000000	0.000000	0.000000	1.000000
endsegment



segment	tibia_l_geom_2
	parent	tibia_l_reset_axis
	RTinMatrix	1
	RT
		1.000000	0.000000	0.000000	0.000000
		0.000000	1.000000	0.000000	0.000000
		0.000000	0.000000	1.000000	0.000000
		0.000000	0.000000	0.000000	1.000000
	meshfile	Geometry_cleaned/fibula_l.vtp
	meshcolor	1.0	1.0	1.0
	meshscale	1.0083750777362963	1.0083750777362963	1.0083750777362963
	meshrt	0.0	0.0	0.0	xyz	0.0	0.0	0.0
endsegment



segment	tibia_l
	parent	tibia_l_geom_2
	RTinMatrix	1
	RT
		1.000000	0.000000	0.000000	-0.000000
		0.000000	1.000000	0.000000	-0.000000
		0.000000	0.000000	1.000000	-0.000000
		0.000000	0.000000	0.000000	1.000000
	mass	3.223512594450639
	CenterOfMass	0.000000	-0.188264	0.000000
	inertia
		0.044558	0.000000	0.000000
		0.000000	0.004509	0.000000
		0.000000	0.000000	0.045177
	meshfile	Geometry_cleaned/tibia_l.vtp
	meshcolor	1.0	1.0	1.0
	meshscale	1.0083750777362963	1.0083750777362963	1.0083750777362963
	meshrt	0.0	0.0	0.0	xyz	0.0	0.0	0.0
endsegment

marker	LATT
	parent	tibia_l
	position	0.0440	-0.0787	-0.0291
	technical	1
	anatomical	0
endmarker
marker	LLM
	parent	tibia_l
	position	-0.0123	-0.4647	-0.0373
	technical	1
	anatomical	0
endmarker
marker	LSPH
	parent	tibia_l
	position	0.0139	-0.4365	0.0407
	technical	1
	anatomical	0
endmarker



segment	talus_l_parent_offset
	parent	tibia_l
	RTinMatrix	1
	RT
		1.000000	0.000000	0.000000	0.000000
		0.000000	1.000000	0.000000	-0.433601
		0.000000	0.000000	1.000000	0.000000
		0.000000	0.000000	0.000000	1.000000
endsegment



segment	talus_l_translation
	parent	talus_l_parent_offset
	RTinMatrix	1
	RT
		1.000000	0.000000	0.000000	0.000000
		0.000000	1.000000	0.000000	0.000000
		0.000000	0.000000	1.000000	0.000000
		0.000000	0.000000	0.000000	1.000000
endsegment



segment	talus_l_ankle_angle_l
	parent	talus_l_translation
	RTinMatrix	1
	RT
		0.105014	0.047417	-0.993340	0.000000
		0.174022	0.982574	0.065300	0.000000
		0.979126	-0.179721	0.094932	0.000000
		0.000000	0.000000	0.000000	1.000000
	rotations	x
	rangesQ 
		-0.872665	0.349066

endsegment



segment	talus_l_rotation_1
	parent	talus_l_ankle_angle_l
	RTinMatrix	1
	RT
		0.725587	0.174022	0.665762	0.000000
		-0.083111	0.982574	-0.166254	0.000000
		-0.683093	0.065300	0.727407	0.000000
		0.000000	0.000000	0.000000	1.000000
endsegment



segment	talus_l_rotation_2
	parent	talus_l_rotation_1
	RTinMatrix	1
	RT
		-0.723946	0.137187	0.676078	0.000000
		0.186186	0.982515	0.000000	0.000000
		-0.664256	0.125876	-0.736830	0.000000
		0.000000	0.000000	0.000000	1.000000
endsegment



segment	talus_l_reset_axis
	parent	talus_l_rotation_2
	RTinMatrix	1
	RT
		-0.104776	0.186186	-0.976912	0.000000
		0.019855	0.982515	0.185124	0.000000
		0.994298	-0.000000	-0.106641	0.000000
		0.000000	0.000000	0.000000	1.000000
endsegment



segment	talus_l
	parent	talus_l_reset_axis
	RTinMatrix	1
	RT
		1.000000	0.000000	0.000000	-0.000000
		0.000000	1.000000	0.000000	-0.000000
		0.000000	0.000000	1.000000	-0.000000
		0.000000	0.000000	0.000000	1.000000
	mass	0.08075801823244276
	CenterOfMass	0.000000	0.000000	0.000000
	inertia
		0.000782	0.000000	0.000000
		0.000000	0.000782	0.000000
		0.000000	0.000000	0.000782
	meshfile	Geometry_cleaned/talus_lv.vtp
	meshcolor	1.0	1.0	1.0
	meshscale	0.9838628990785211	0.9838628990785211	0.9838628990785211
	meshrt	0.0	0.0	0.0	xyz	0.0	0.0	0.0
endsegment



segment	calcn_l_parent_offset
	parent	talus_l
	RTinMatrix	1
	RT
		1.000000	0.000000	0.000000	-0.047983
		0.000000	1.000000	0.000000	-0.041273
		0.000000	0.000000	1.000000	-0.007792
		0.000000	0.000000	0.000000	1.000000
endsegment



segment	calcn_l_translation
	parent	calcn_l_parent_offset
	RTinMatrix	1
	RT
		1.000000	0.000000	0.000000	0.000000
		0.000000	1.000000	0.000000	0.000000
		0.000000	0.000000	1.000000	0.000000
		0.000000	0.000000	0.000000	1.000000
endsegment



segment	calcn_l_subtalar_angle_l
	parent	calcn_l_translation
	RTinMatrix	1
	RT
		-0.787180	-0.055636	-0.614209	0.000000
		-0.604747	-0.125683	0.786438	0.000000
		-0.120949	0.990509	0.065289	0.000000
		0.000000	0.000000	0.000000	1.000000
	rotations	x
	rangesQ 
		-0.349066	0.523599

endsegment



segment	calcn_l_rotation_1
	parent	calcn_l_subtalar_angle_l
	RTinMatrix	1
	RT
		-0.371928	-0.604747	0.704237	0.000000
		0.917745	-0.125683	0.376760	0.000000
		-0.139334	0.786438	0.601749	0.000000
		0.000000	0.000000	0.000000	1.000000
endsegment



segment	calcn_l_rotation_2
	parent	calcn_l_rotation_1
	RTinMatrix	1
	RT
		0.350581	0.308517	0.884257	0.000000
		-0.660635	0.750707	-0.000000	0.000000
		-0.663818	-0.584171	0.467001	0.000000
		0.000000	0.000000	0.000000	1.000000
endsegment



segment	calcn_l_reset_axis
	parent	calcn_l_rotation_2
	RTinMatrix	1
	RT
		0.742000	-0.660635	0.114008	0.000000
		0.652972	0.750707	0.100329	0.000000
		-0.151867	0.000000	0.988401	0.000000
		0.000000	0.000000	0.000000	1.000000
endsegment



segment	calcn_l
	parent	calcn_l_reset_axis
	RTinMatrix	1
	RT
		1.000000	0.000000	0.000000	-0.000000
		0.000000	1.000000	0.000000	-0.000000
		0.000000	0.000000	1.000000	-0.000000
		0.000000	0.000000	0.000000	1.000000
	mass	1.2282999026891168
	CenterOfMass	0.105036	0.031511	0.000000
	inertia
		0.001518	0.000000	0.000000
		0.000000	0.004228	0.000000
		0.000000	0.000000	0.004445
	meshfile	Geometry_cleaned/l_foot.vtp
	meshcolor	1.0	1.0	1.0
	meshscale	1.0503583711263644	1.0503583711263644	1.0503583711263644
	meshrt	0.0	0.0	0.0	xyz	0.0	0.0	0.0
endsegment

marker	LCAL
	parent	calcn_l
	position	-0.0009	-0.0340	0.0254
	technical	1
	anatomical	0
endmarker
marker	LMFH1
	parent	calcn_l
	position	0.2033	0.0164	0.0434
	technical	1
	anatomical	0
endmarker
marker	LMFH5
	parent	calcn_l
	position	0.1636	-0.0339	-0.0585
	technical	1
	anatomical	0
endmarker



segment	toes_l_parent_offset
	parent	calcn_l
	RTinMatrix	1
	RT
		1.000000	0.000000	0.000000	0.187804
		0.000000	1.000000	0.000000	-0.002101
		0.000000	0.000000	1.000000	-0.001134
		0.000000	0.000000	0.000000	1.000000
endsegment



segment	toes_l_translation
	parent	toes_l_parent_offset
	RTinMatrix	1
	RT
		1.000000	0.000000	0.000000	0.000000
		0.000000	1.000000	0.000000	0.000000
		0.000000	0.000000	1.000000	0.000000
		0.000000	0.000000	0.000000	1.000000
endsegment



segment	toes_l_rotation_transform
	parent	toes_l_translation
	RTinMatrix	1
	RT
		0.580954	0.000000	0.813936	0.000000
		0.000000	1.000000	0.000000	0.000000
		0.813936	0.000000	-0.580954	0.000000
		0.000000	0.000000	0.000000	1.000000
	rotations	x
	rangesQ 
		-0.785398	1.047198
		-6.283185	6.283185
		-6.283185	6.283185

endsegment



segment	toes_l_reset_axis
	parent	toes_l_rotation_transform
	RTinMatrix	1
	RT
		0.580954	0.000000	0.813936	0.000000
		0.000000	1.000000	0.000000	0.000000
		0.813936	0.000000	-0.580954	0.000000
		0.000000	0.000000	0.000000	1.000000
endsegment



segment	toes_l
	parent	toes_l_reset_axis
	RTinMatrix	1
	RT
		1.000000	0.000000	0.000000	-0.000000
		0.000000	1.000000	0.000000	-0.000000
		0.000000	0.000000	1.000000	-0.000000
		0.000000	0.000000	0.000000	1.000000
	mass	0.19766592522604137
	CenterOfMass	0.035457	0.006149	0.017934
	inertia
		0.000096	0.000000	0.000000
		0.000000	0.000192	0.000000
		0.000000	0.000000	0.000958
	meshfile	Geometry_cleaned/l_bofoot.vtp
	meshcolor	1.0	1.0	1.0
	meshscale	1.024779632740642	1.024779632740642	1.024779632740642
	meshrt	0.0	0.0	0.0	xyz	0.0	0.0	0.0
endsegment

marker	LTT2
	parent	toes_l
	position	0.0570	0.0130	-0.0246
	technical	1
	anatomical	0
endmarker



segment	torso_parent_offset
	parent	pelvis
	RTinMatrix	1
	RT
		1.000000	0.000000	0.000000	-0.088985
		0.000000	1.000000	0.000000	0.072019
		0.000000	0.000000	1.000000	0.000000
		0.000000	0.000000	0.000000	1.000000
endsegment



segment	torso_translation
	parent	torso_parent_offset
	RTinMatrix	1
	RT
		1.000000	0.000000	0.000000	0.000000
		0.000000	1.000000	0.000000	0.000000
		0.000000	0.000000	1.000000	0.000000
		0.000000	0.000000	0.000000	1.000000
endsegment



segment	torso_rotation_transform
	parent	torso_translation
	RTinMatrix	1
	RT
		0.000000	1.000000	0.000000	0.000000
		0.000000	0.000000	1.000000	0.000000
		1.000000	0.000000	0.000000	0.000000
		0.000000	0.000000	0.000000	1.000000
	rotations	xyz
	rangesQ 
		-1.570796	0.523598
		-0.523598	0.523598
		-0.523598	0.523598

endsegment



segment	torso_reset_axis
	parent	torso_rotation_transform
	RTinMatrix	1
	RT
		0.000000	0.000000	1.000000	0.000000
		1.000000	0.000000	0.000000	0.000000
		0.000000	1.000000	0.000000	0.000000
		0.000000	0.000000	0.000000	1.000000
endsegment



segment	torso_geom_2
	parent	torso_reset_axis
	RTinMatrix	1
	RT
		1.000000	0.000000	0.000000	0.000000
		0.000000	1.000000	0.000000	0.000000
		0.000000	0.000000	1.000000	0.000000
		0.000000	0.000000	0.000000	1.000000
	meshfile	Geometry_cleaned/hat_ribs_scap.vtp
	meshcolor	1.0	1.0	1.0
	meshscale	1.0409412995025165	1.0409412995025165	1.0409412995025165
	meshrt	0.0	0.0	0.0	xyz	0.0	0.0	0.0
endsegment



segment	torso
	parent	torso_geom_2
	RTinMatrix	1
	RT
		1.000000	0.000000	0.000000	-0.000000
		0.000000	1.000000	0.000000	-0.000000
		0.000000	0.000000	1.000000	-0.000000
		0.000000	0.000000	0.000000	1.000000
	mass	20.35317860731281
	CenterOfMass	0.003123	0.256072	0.000000
	inertia
		0.650319	0.000000	0.000000
		0.000000	0.650319	0.000000
		0.000000	0.000000	0.876334
	meshfile	Geometry_cleaned/hat_spine.vtp
	meshcolor	1.0	1.0	1.0
	meshscale	1.0409412995025165	1.0409412995025165	1.0409412995025165
	meshrt	0.0	0.0	0.0	xyz	0.0	0.0	0.0
endsegment

marker	STR
	parent	torso
	position	0.1200	0.2746	0.0041
	technical	1
	anatomical	0
endmarker
marker	RA
	parent	torso
	position	-0.0466	0.4562	0.1732
	technical	1
	anatomical	0
endmarker
marker	LA
	parent	torso
	position	-0.0425	0.4604	-0.1742
	technical	1
	anatomical	0
endmarker
marker	C7
	parent	torso
	position	-0.0760	0.4760	-0.0020
	technical	1
	anatomical	0
endmarker
marker	T10
	parent	torso
	position	-0.1024	0.2641	-0.0001
	technical	1
	anatomical	0
endmarker
marker	SUP
	parent	torso
	position	0.0638	0.4354	-0.0023
	technical	1
	anatomical	0
endmarker



segment	head_and_neck_parent_offset
	parent	torso
	RTinMatrix	1
	RT
		1.000000	0.000000	0.000000	-0.010409
		0.000000	1.000000	0.000000	0.463219
		0.000000	0.000000	1.000000	-0.000000
		0.000000	0.000000	0.000000	1.000000
endsegment



segment	head_and_neck_translation
	parent	head_and_neck_parent_offset
	RTinMatrix	1
	RT
		1.000000	0.000000	0.000000	0.000000
		0.000000	1.000000	0.000000	0.000000
		0.000000	0.000000	1.000000	0.000000
		0.000000	0.000000	0.000000	1.000000
endsegment



segment	head_and_neck_rotation_transform
	parent	head_and_neck_translation
	RTinMatrix	1
	RT
		0.000000	1.000000	0.000000	0.000000
		0.000000	0.000000	1.000000	0.000000
		1.000000	0.000000	0.000000	0.000000
		0.000000	0.000000	0.000000	1.000000
	rotations	xyz
	rangesQ 
		-1.047198	1.047198
		-0.785398	0.785398
		-1.396263	1.396263

endsegment



segment	head_and_neck_reset_axis
	parent	head_and_neck_rotation_transform
	RTinMatrix	1
	RT
		0.000000	0.000000	1.000000	0.000000
		1.000000	0.000000	0.000000	0.000000
		0.000000	1.000000	0.000000	0.000000
		0.000000	0.000000	0.000000	1.000000
endsegment



segment	head_and_neck_geom_2
	parent	head_and_neck_reset_axis
	RTinMatrix	1
	RT
		1.000000	0.000000	0.000000	0.020508
		0.000000	1.000000	0.000000	-0.533201
		0.000000	0.000000	1.000000	0.000000
		0.000000	0.000000	0.000000	1.000000
	meshfile	Geometry_cleaned/hat_skull.vtp
	meshcolor	1.0	1.0	1.0
	meshscale	1.1689412839607716	1.1689412839607716	1.1689412839607716
	meshrt	0.0	0.0	0.0	xyz	0.0	0.0	0.0
endsegment



segment	head_and_neck
	parent	head_and_neck_geom_2
	RTinMatrix	1
	RT
		1.000000	0.000000	0.000000	-0.000000
		0.000000	1.000000	0.000000	-0.000000
		0.000000	0.000000	1.000000	-0.000000
		0.000000	0.000000	0.000000	1.000000
	mass	4.2876396778956565
	CenterOfMass	-0.006152	0.152783	0.000000
	inertia
		0.025793	0.000217	0.000242
		0.000217	0.016775	0.000107
		0.000242	0.000107	0.025889
	meshfile	Geometry_cleaned/hat_jaw.vtp
	meshcolor	1.0	1.0	1.0
	meshscale	1.158687413048835	1.158687413048835	1.158687413048835
	meshrt	0.0	0.0	0.0	xyz	0.0	0.0	0.0
endsegment

marker	SEL
	parent	head_and_neck
	position	0.1384	0.2190	-0.0001
	technical	1
	anatomical	0
endmarker
marker	OCC
	parent	head_and_neck
	position	-0.0839	0.1444	-0.0094
	technical	1
	anatomical	0
endmarker
marker	RTEMP
	parent	head_and_neck
	position	0.0278	0.1965	0.0904
	technical	1
	anatomical	0
endmarker
marker	LTEMP
	parent	head_and_neck
	position	0.0218	0.1957	-0.0903
	technical	1
	anatomical	0
endmarker
marker	HV
	parent	head_and_neck
	position	0.0025	0.2971	0.0086
	technical	1
	anatomical	0
endmarker



segment	humerus_r_parent_offset
	parent	torso
	RTinMatrix	1
	RT
		1.000000	0.000000	0.000000	0.003284
		0.000000	1.000000	0.000000	0.386710
		0.000000	0.000000	1.000000	0.176960
		0.000000	0.000000	0.000000	1.000000
endsegment



segment	humerus_r_translation
	parent	humerus_r_parent_offset
	RTinMatrix	1
	RT
		1.000000	0.000000	0.000000	0.000000
		0.000000	1.000000	0.000000	0.000000
		0.000000	0.000000	1.000000	0.000000
		0.000000	0.000000	0.000000	1.000000
endsegment



segment	humerus_r_rotation_transform
	parent	humerus_r_translation
	RTinMatrix	1
	RT
		0.000000	1.000000	0.000000	0.000000
		0.000000	0.000000	1.000000	0.000000
		1.000000	0.000000	0.000000	0.000000
		0.000000	0.000000	0.000000	1.000000
	rotations	xyz
	rangesQ 
		-1.570796	3.141600
		-3.141600	0.610900
		-1.745329	1.745329

endsegment



segment	humerus_r_reset_axis
	parent	humerus_r_rotation_transform
	RTinMatrix	1
	RT
		0.000000	0.000000	1.000000	0.000000
		1.000000	0.000000	0.000000	0.000000
		0.000000	1.000000	0.000000	0.000000
		0.000000	0.000000	0.000000	1.000000
endsegment



segment	humerus_r
	parent	humerus_r_reset_axis
	RTinMatrix	1
	RT
		1.000000	0.000000	0.000000	-0.000000
		0.000000	1.000000	0.000000	-0.000000
		0.000000	0.000000	1.000000	-0.000000
		0.000000	0.000000	0.000000	1.000000
	mass	1.7504004146279784
	CenterOfMass	0.000000	-0.165353	0.000000
	inertia
		0.010395	0.000000	0.000000
		0.000000	0.003586	0.000000
		0.000000	0.000000	0.011668
	meshfile	Geometry_cleaned/humerus_rv.vtp
	meshcolor	1.0	1.0	1.0
	meshscale	1.0051749352861719	1.0051749352861719	1.0051749352861719
	meshrt	0.0	0.0	0.0	xyz	0.0	0.0	0.0
endsegment

marker	RLHE
	parent	humerus_r
	position	0.0121	-0.2908	0.0317
	technical	1
	anatomical	0
endmarker
marker	RMHE
	parent	humerus_r
	position	-0.0140	-0.2947	-0.0451
	technical	1
	anatomical	0
endmarker



segment	ulna_r_parent_offset
	parent	humerus_r
	RTinMatrix	1
	RT
		1.000000	0.000000	0.000000	0.013212
		0.000000	1.000000	0.000000	-0.287754
		0.000000	0.000000	1.000000	-0.009645
		0.000000	0.000000	0.000000	1.000000
endsegment



segment	ulna_r_translation
	parent	ulna_r_parent_offset
	RTinMatrix	1
	RT
		1.000000	0.000000	0.000000	0.000000
		0.000000	1.000000	0.000000	0.000000
		0.000000	0.000000	1.000000	0.000000
		0.000000	0.000000	0.000000	1.000000
endsegment



segment	ulna_r_elbow_flex_r
	parent	ulna_r_translation
	RTinMatrix	1
	RT
		0.226047	0.888980	-0.398268	0.000000
		0.022269	0.404027	0.914476	0.000000
		0.973862	-0.215584	0.071532	0.000000
		0.000000	0.000000	0.000000	1.000000
	rotations	x
	rangesQ 
		0.000000	2.967100

endsegment



segment	ulna_r_rotation_1
	parent	ulna_r_elbow_flex_r
	RTinMatrix	1
	RT
		0.999267	0.022269	-0.031146	0.000000
		-0.037492	0.404027	-0.913978	0.000000
		-0.007769	0.914476	0.404566	0.000000
		0.000000	0.000000	0.000000	1.000000
endsegment



segment	ulna_r_rotation_2
	parent	ulna_r_rotation_1
	RTinMatrix	1
	RT
		-0.684974	0.727901	-0.031154	0.000000
		0.728254	0.685307	-0.000000	0.000000
		0.021350	-0.022688	-0.999515	0.000000
		0.000000	0.000000	0.000000	1.000000
endsegment



segment	ulna_r_reset_axis
	parent	ulna_r_rotation_2
	RTinMatrix	1
	RT
		-0.154950	0.728254	-0.667560	0.000000
		0.164661	0.685307	0.709395	0.000000
		0.974103	0.000000	-0.226103	0.000000
		0.000000	0.000000	0.000000	1.000000
endsegment



segment	ulna_r
	parent	ulna_r_reset_axis
	RTinMatrix	1
	RT
		1.000000	0.000000	0.000000	-0.000000
		0.000000	1.000000	0.000000	-0.000000
		0.000000	0.000000	1.000000	-0.000000
		0.000000	0.000000	0.000000	1.000000
	mass	0.7358641400605913
	CenterOfMass	0.000000	-0.135738	0.000000
	inertia
		0.004551	0.000000	0.000000
		0.000000	0.000949	0.000000
		0.000000	0.000000	0.004936
	meshfile	Geometry_cleaned/ulna_rv.vtp
	meshcolor	1.0	1.0	1.0
	meshscale	1.1262197833571737	1.1262197833571737	1.1262197833571737
	meshrt	0.0	0.0	0.0	xyz	0.0	0.0	0.0
endsegment



segment	radius_r_parent_offset
	parent	ulna_r
	RTinMatrix	1
	RT
		1.000000	0.000000	0.000000	-0.007576
		0.000000	1.000000	0.000000	-0.014649
		0.000000	0.000000	1.000000	0.029375
		0.000000	0.000000	0.000000	1.000000
endsegment



segment	radius_r_translation
	parent	radius_r_parent_offset
	RTinMatrix	1
	RT
		1.000000	0.000000	0.000000	0.000000
		0.000000	1.000000	0.000000	0.000000
		0.000000	0.000000	1.000000	0.000000
		0.000000	0.000000	0.000000	1.000000
endsegment



segment	radius_r_pro_sup_r
	parent	radius_r_translation
	RTinMatrix	1
	RT
		0.056398	0.244643	0.967972	0.000000
		0.998406	-0.015715	-0.054200	0.000000
		0.001952	0.969486	-0.245140	0.000000
		0.000000	0.000000	0.000000	1.000000
	rotations	x
	rangesQ 
		-0.349100	3.490700

endsegment



segment	radius_r_rotation_1
	parent	radius_r_pro_sup_r
	RTinMatrix	1
	RT
		0.053190	0.998406	-0.018851	0.000000
		0.582896	-0.015715	0.812395	0.000000
		0.810804	-0.054199	-0.582803	0.000000
		0.000000	0.000000	0.000000	1.000000
endsegment



segment	radius_r_rotation_2
	parent	radius_r_rotation_1
	RTinMatrix	1
	RT
		-0.826809	0.452552	-0.334042	0.000000
		0.480132	0.877196	0.000000	0.000000
		0.293021	-0.160384	-0.942558	0.000000
		0.000000	0.000000	0.000000	1.000000
endsegment



segment	radius_r_reset_axis
	parent	radius_r_rotation_2
	RTinMatrix	1
	RT
		-0.876671	0.480132	-0.030349	0.000000
		0.479844	0.877196	0.016611	0.000000
		0.034598	-0.000000	-0.999401	0.000000
		0.000000	0.000000	0.000000	1.000000
endsegment



segment	radius_r
	parent	radius_r_reset_axis
	RTinMatrix	1
	RT
		1.000000	0.000000	0.000000	-0.000000
		0.000000	1.000000	0.000000	-0.000000
		0.000000	0.000000	1.000000	-0.000000
		0.000000	0.000000	0.000000	1.000000
	mass	0.5933757664159284
	CenterOfMass	0.000000	-0.126341	0.000000
	inertia
		0.003179	0.000000	0.000000
		0.000000	0.000663	0.000000
		0.000000	0.000000	0.003448
	meshfile	Geometry_cleaned/radius_rv.vtp
	meshcolor	1.0	1.0	1.0
	meshscale	1.0482556390285376	1.0482556390285376	1.0482556390285376
	meshrt	0.0	0.0	0.0	xyz	0.0	0.0	0.0
endsegment

marker	RUS
	parent	radius_r
	position	-0.0354	-0.2538	-0.0184
	technical	1
	anatomical	0
endmarker
marker	RRS
	parent	radius_r
	position	0.0023	-0.2516	0.0497
	technical	1
	anatomical	0
endmarker



segment	lunate_r_parent_offset
	parent	radius_r
	RTinMatrix	1
	RT
		1.000000	0.000000	0.000000	-0.009222
		0.000000	0.995004	-0.099833	-0.247222
		0.000000	0.099833	0.995004	0.014267
		0.000000	0.000000	0.000000	1.000000
endsegment



segment	lunate_r_translation
	parent	lunate_r_parent_offset
	RTinMatrix	1
	RT
		1.000000	0.000000	0.000000	0.000000
		0.000000	1.000000	0.000000	0.000000
		0.000000	0.000000	1.000000	0.000000
		0.000000	0.000000	0.000000	1.000000
endsegment



segment	lunate_r_rotation_transform
	parent	lunate_r_translation
	RTinMatrix	1
	RT
		0.000000	1.000000	0.000000	0.000000
		0.000000	0.000000	1.000000	0.000000
		1.000000	0.000000	0.000000	0.000000
		0.000000	0.000000	0.000000	1.000000
	rotations	x
	rangesQ 
		-1.570800	1.570800
		-6.283185	6.283185
		-6.283185	6.283185

endsegment



segment	lunate_r_reset_axis
	parent	lunate_r_rotation_transform
	RTinMatrix	1
	RT
		0.000000	0.000000	1.000000	0.000000
		1.000000	0.000000	0.000000	0.000000
		0.000000	1.000000	0.000000	0.000000
		0.000000	0.000000	0.000000	1.000000
endsegment



segment	lunate_r
	parent	lunate_r_reset_axis
	RTinMatrix	1
	RT
		1.000000	0.000000	0.000000	-0.000000
		0.000000	1.000000	0.000000	-0.000000
		0.000000	0.000000	1.000000	-0.000000
		0.000000	0.000000	0.000000	1.000000
	mass	0.012179841509421408
	CenterOfMass	0.000000	0.000000	0.000000
	inertia
		0.000016	0.000000	0.000000
		0.000000	0.000016	0.000000
		0.000000	0.000000	0.000016
	meshfile	Geometry_cleaned/lunate_rvs.vtp
	meshcolor	1.0	1.0	1.0
	meshscale	0.9590446734776367	0.9590446734776367	0.9590446734776367
	meshrt	0.0	0.0	0.0	xyz	0.0	0.0	0.0
endsegment



segment	hand_r_parent_offset
	parent	lunate_r
	RTinMatrix	1
	RT
		1.000000	0.000000	0.000000	0.000000
		0.000000	1.000000	0.000000	0.000000
		0.000000	0.000000	1.000000	0.000000
		0.000000	0.000000	0.000000	1.000000
endsegment



segment	hand_r_translation
	parent	hand_r_parent_offset
	RTinMatrix	1
	RT
		1.000000	0.000000	0.000000	0.000000
		0.000000	1.000000	0.000000	0.000000
		0.000000	0.000000	1.000000	0.000000
		0.000000	0.000000	0.000000	1.000000
endsegment



segment	hand_r_rotation_transform
	parent	hand_r_translation
	RTinMatrix	1
	RT
		0.000000	1.000000	0.000000	0.000000
		0.000000	0.000000	1.000000	0.000000
		1.000000	0.000000	0.000000	0.000000
		0.000000	0.000000	0.000000	1.000000
	rotations	y
	rangesQ 
		-6.283185	6.283185
		-0.436332	0.610865
		-6.283185	6.283185

endsegment



segment	hand_r_reset_axis
	parent	hand_r_rotation_transform
	RTinMatrix	1
	RT
		0.000000	0.000000	1.000000	0.000000
		1.000000	0.000000	0.000000	0.000000
		0.000000	1.000000	0.000000	0.000000
		0.000000	0.000000	0.000000	1.000000
endsegment



segment	hand_r_geom_2
	parent	hand_r_reset_axis
	RTinMatrix	1
	RT
		1.000000	0.000000	0.000000	0.000000
		0.000000	1.000000	0.000000	0.000000
