version 4

// File extracted from /Users/evecharbonneau/Documents/Programmation/GaitAnalyzer/models/OpenSim_models/wholebody.osim

//Publication : Whole body model that consists of 23 bodies, 42 degrees of freedom and 30 muscles. The whole-body geometric model and the lower limbs, pelvis and upper limbs anthropometry are based on the running model of Hammer et al. 2010 which consists of 12 segments and 29 degrees of freedom. Extra segments and degrees of freedom were later added based on Dumas et al. 2007. Muscles... Each lower extremity had seven degrees-of-freedom; the hip was modeled as a ball-and-socket joint (3 dofs), the knee was modeled as a revolute joint with 1 dof, the ankle was modeled as 2 revolute joints and feet toes with one revolute joint. The pelvis joint was model as a free flyer joint (6 dofs) to allow the model to translate and rotate in the 3D space, the lumbar motion was modeled as a ball-and-socket joint (3 dofs) (Anderson and Pandy, 1999) and the neck joint was modeled as a ball-and-socket joint (3 dofs). Mass properties of the torso and head (including the neck) segments were estimated from Dumas et al., 2007. Each arm consisted of 8 degrees-of-freedom; the shoulder was modeled as a ball-and-socket joint (3 dofs), the elbow and forearm rotation were each modeled with revolute joints (1 dof) (Holzbaur et al., 2005), the wrist flexion and deviation were each modeled with revolute joints and the hand fingers were modeled with 1 revolute joint. Mass properties for the arms were estimated from 1 and de Leva, 1996. The model also include 30 superficial muscles of the whole body..

//Credit : Delp S.L., Loan J.P., Hoy M.G., Zajac F.E., Topp E.L., Rosen J.M., Thelen D.G., Anderson F.C., Seth A., Hamner S.R.

//Force units : N

//Length units : meters


gravity	0 -9.8066499999999994 0

// SEGMENT DEFINITION

// Information about ground segment

    //True segment where are applied inertial values.
	// Segment
	segment ground
		parent base 
		RTinMatrix	0
		RT	0	 0	 0	xyz	0	 0	 0
	endsegment

	// Markers

// Information about pelvis segment
	// Segment
	segment pelvis_parent_offset
		parent ground 
		RTinMatrix	0
		RT	0 0 0	xyz	0 0 0
	endsegment

	// Segments to define transformation axis.
	// Segment
	segment pelvis_translation
		parent pelvis_parent_offset 
		RTinMatrix	1
		RT
			1.0		0.0		0.0		0
			0.0		1.0		0.0		0
			0.0		0.0		1.0		0
			0		0		0		1
		translations xyz
		ranges
				-10 10
				-6 6
				-5 5
	endsegment

// Rotation transform was initially an orthogonal basis
	// Segment
	segment pelvis_rotation_transform
		parent pelvis_translation 
		RTinMatrix	1
		RT
			0.0		1.0		0.0		0
			0.0		0.0		1.0		0
			1.0		0.0		0.0		0
			0		0		0		1
		rotations xyz
		ranges
				-3.1415999999999999 3.1415999999999999
				-3.1415999999999999 3.1415999999999999
				-3.1415999999999999 3.1415999999999999
	endsegment


    // Segment to cancel transformation bases effect.
	// Segment
	segment pelvis_reset_axis
		parent pelvis_rotation_transform 
		RTinMatrix	1
		RT
			0.0		0.0		1.0		0
			1.0		0.0		0.0		0
			0.0		1.0		0.0		0
			0		0		0		1
	endsegment


    //True segment where are applied inertial values.
	// Segment
	segment pelvis
		parent pelvis_reset_axis 
		RTinMatrix	0
		RT	-0.0	 0.0	 -0.0	xyz	-0.0	 -0.0	 -0.0
		mass	11.776999999999999
		inertia
			0.1028	0	0
			0	0.087099999999999997	0
			0	0	0.0579
		com	-0.070699999999999999 0 0
		meshfile	Geometry_cleaned/sacrum.vtp
		meshcolor	1 1 1
		meshscale	1 1 1
	endsegment
	// Segment
	segment pelvis_geom_2
		parent pelvis 
		RTinMatrix	1
		RT
			1		0		0		0
			0		1		0		0
			0		0		1		0
			0		0		0		1
		meshfile	Geometry_cleaned/pelvis.vtp
		meshcolor	1 1 1
		meshscale	1 1 1
	endsegment

	// Segment
	segment pelvis_geom_3
		parent pelvis 
		RTinMatrix	1
		RT
			1		0		0		0
			0		1		0		0
			0		0		1		0
			0		0		0		1
		meshfile	Geometry_cleaned/l_pelvis.vtp
		meshcolor	1 1 1
		meshscale	1 1 1
	endsegment


	// Markers

	marker	RASIS
		parent	pelvis
		position	0.02 0.014999999999999999 0.128
	endmarker

	marker	LASIS
		parent	pelvis
		position	0.02 0.014999999999999999 -0.128
	endmarker

	marker	LPSIS
		parent	pelvis
		position	-0.20000000000000001 0.029999999999999999 -0.040000000000000001
	endmarker

	marker	RPSIS
		parent	pelvis
		position	-0.20000000000000001 0.029999999999999999 0.040000000000000001
	endmarker

// Information about femur_r segment
	// Segment
	segment femur_r_parent_offset
		parent pelvis 
		RTinMatrix	0
		RT	0 0 0	xyz	-0.070699999999999999 -0.066100000000000006 0.083500000000000005
	endsegment

	// Segments to define transformation axis.
	// Segment
	segment femur_r_translation
		parent femur_r_parent_offset 
		RTinMatrix	1
		RT
			1.0		0.0		0.0		0
			0.0		1.0		0.0		0
			0.0		0.0		1.0		0
			0		0		0		1
	endsegment

// Rotation transform was initially an orthogonal basis
	// Segment
	segment femur_r_rotation_transform
		parent femur_r_translation 
		RTinMatrix	1
		RT
			0.0		1.0		0.0		0
			0.0		0.0		1.0		0
			1.0		0.0		0.0		0
			0		0		0		1
		rotations xyz
		ranges
				-2.6179999999999999 2.0943950999999998
				-2.0943950999999998 2.0943950999999998
				-2.0943950999999998 2.0943950999999998
	endsegment


    // Segment to cancel transformation bases effect.
	// Segment
	segment femur_r_reset_axis
		parent femur_r_rotation_transform 
		RTinMatrix	1
		RT
			0.0		0.0		1.0		0
			1.0		0.0		0.0		0
			0.0		1.0		0.0		0
			0		0		0		1
	endsegment


    //True segment where are applied inertial values.
	// Segment
	segment femur_r
		parent femur_r_reset_axis 
		RTinMatrix	0
		RT	-0.0	 0.0	 -0.0	xyz	-0.0	 -0.0	 -0.0
		mass	9.3013999999999992
		inertia
			0.13389999999999999	0	0
			0	0.035099999999999999	0
			0	0	0.14119999999999999
		com	0 -0.17000000000000001 0
		meshfile	Geometry_cleaned/femur_r.vtp
		meshcolor	1 1 1
		meshscale	1 1 1
	endsegment

	// Markers

	marker	RLFE
		parent	femur_r
		position	0 -0.39000000000000001 0.050000000000000003
	endmarker

	marker	RMFE
		parent	femur_r
		position	0 -0.39000000000000001 -0.055
	endmarker

	marker	RGT
		parent	femur_r
		position	-0.042000000000000003 0 0.10000000000000001
	endmarker

// Information about tibia_r segment
	// Segment
	segment tibia_r_parent_offset
		parent femur_r 
		RTinMatrix	0
		RT	0 0 0	xyz	0 -0.39000000000000001 0
	endsegment

	// Segments to define transformation axis.
	// Segment
	segment tibia_r_translation
		parent tibia_r_parent_offset 
		RTinMatrix	1
		RT
			1.0		0.0		0.0		0
			0.0		1.0		0.0		0
			0.0		0.0		1.0		0
			0		0		0		1
	endsegment

// Rotation transform was initially an orthogonal basis
	// Segment
	segment tibia_r_rotation_transform
		parent tibia_r_translation 
		RTinMatrix	1
		RT
			0.0		0.0		1.0		0
			0.0		1.0		0.0		0
			1.0		0.0		0.0		0
			0		0		0		1
		rotations x
		ranges
				-3.1415999999999999 0.34910000000000002
	endsegment


    // Segment to cancel transformation bases effect.
	// Segment
	segment tibia_r_reset_axis
		parent tibia_r_rotation_transform 
		RTinMatrix	1
		RT
			0.0		0.0		1.0		0
			0.0		1.0		0.0		0
			1.0		0.0		0.0		0
			0		0		0		1
	endsegment


    //True segment where are applied inertial values.
	// Segment
	segment tibia_r
		parent tibia_r_reset_axis 
		RTinMatrix	0
		RT	-0.0	 0.0	 -0.0	xyz	-0.0	 -0.0	 -0.0
		mass	3.7075
		inertia
			0.0504	0	0
			0	0.0051000000000000004	0
			0	0	0.0511
		com	0 -0.1867 0
		meshfile	Geometry_cleaned/tibia_r.vtp
		meshcolor	1 1 1
		meshscale	1 1 1
	endsegment
	// Segment
	segment tibia_r_geom_2
		parent tibia_r 
		RTinMatrix	1
		RT
			1		0		0		0
			0		1		0		0
			0		0		1		0
			0		0		0		1
		meshfile	Geometry_cleaned/fibula_r.vtp
		meshcolor	1 1 1
		meshscale	1 1 1
	endsegment


	// Markers

	marker	RATT
		parent	tibia_r
		position	0.058000000000000003 -0.070000000000000007 0.0050000000000000001
	endmarker

	marker	RLM
		parent	tibia_r
		position	-0.0050000000000000001 -0.41999999999999998 0.055
	endmarker

	marker	RSPH
		parent	tibia_r
		position	0.0060000000000000001 -0.39500000000000002 -0.044999999999999998
	endmarker

// Information about talus_r segment
	// Segment
	segment talus_r_parent_offset
		parent tibia_r 
		RTinMatrix	0
		RT	0 0 0	xyz	0 -0.42999999999999999 0
	endsegment

	// Segments to define transformation axis.
	// Segment
	segment talus_r_translation
		parent talus_r_parent_offset 
		RTinMatrix	1
		RT
			1.0		0.0		0.0		0
			0.0		1.0		0.0		0
			0.0		0.0		1.0		0
			0		0		0		1
	endsegment

	// Segment
	segment talus_r_ankle_angle_r
		parent talus_r_translation 
		RTinMatrix	1
		RT
			-0.10501354951145875		0.7881412803546253		-0.6064696831829075		0
			-0.17402244919041737		0.5858682333880021		0.7915014847014439		0
			0.9791263154449344		0.18865771997931416		0.07563017318130144		0
			0		0		0		1
		rotations x
		ranges
				-1.5707963300000001 1.5707963300000001
	endsegment

	// Segment
	segment talus_r_rotation_1
		parent talus_r_ankle_angle_r 
		RTinMatrix	1
		RT
			0.5354537772160982		-0.17402244919041732		0.8264414314655222		0
			0.7308544543326024		0.5858682333880022		-0.3501573641793294		0
			-0.4232505393348095		0.791501484701444		0.440890440663214		0
			0		0		0		1
		ranges
				-1.5707963300000001 1.5707963300000001
	endsegment

	// Segment
	segment talus_r_rotation_2
		parent talus_r_rotation_1 
		RTinMatrix	1
		RT
			-0.5298530418438728		0.12214889665987383		0.8392469249830892		0
			0.22464144525267074		0.9744414918684402		-2.8187772247341105e-18		0
			-0.817797025626522		0.18852964215206086		-0.5437504932470676		0
			0		0		0		1
		ranges
				-1.5707963300000001 1.5707963300000001
	endsegment


    // Segment to cancel transformation bases effect.
	// Segment
	segment talus_r_reset_axis
		parent talus_r_rotation_2 
		RTinMatrix	1
		RT
			0.10391512957992032		0.22464144525267074		-0.9688848574104045		0
			-0.023955922533318567		0.9744414918684401		0.22336045464850374		0
			0.9942976212482688		1.2061947082532999e-18		0.1066407069558054		0
			0		0		0		1
	endsegment


    //True segment where are applied inertial values.
	// Segment
	segment talus_r
		parent talus_r_reset_axis 
		RTinMatrix	0
		RT	-0.0	 0.0	 -0.0	xyz	-0.0	 -0.0	 -0.0
		mass	0.10000000000000001
		inertia
			0.001	0	0
			0	0.001	0
			0	0	0.001
		com	0 0 0
		meshfile	Geometry_cleaned/talus_rv.vtp
		meshcolor	1 1 1
		meshscale	1 1 1
	endsegment

	// Markers

// Information about calcn_r segment
	// Segment
	segment calcn_r_parent_offset
		parent talus_r 
		RTinMatrix	0
		RT	0 0 0	xyz	-0.048770000000000001 -0.041950000000000001 0.00792
	endsegment

	// Segments to define transformation axis.
	// Segment
	segment calcn_r_translation
		parent calcn_r_parent_offset 
		RTinMatrix	1
		RT
			1.0		0.0		0.0		0
			0.0		1.0		0.0		0
			0.0		0.0		1.0		0
			0		0		0		1
	endsegment

	// Segment
	segment calcn_r_subtalar_angle_r
		parent calcn_r_translation 
		RTinMatrix	1
		RT
			0.7871796068877029		-0.4867241137827096		0.37874516968874666		0
			0.6047474576089907		0.7296248593036934		-0.31926176908851406		0
			-0.12094948952179817		0.48036153233632434		0.8686909802892596		0
			0		0		0		1
		rotations x
		ranges
				-1.5707963300000001 1.5707963300000001
	endsegment

	// Segment
	segment calcn_r_rotation_1
		parent calcn_r_subtalar_angle_r 
		RTinMatrix	1
		RT
			0.3505721321286343		0.6047474576089906		-0.7151081685243468		0
			0.11606959082473585		0.7296248593036934		0.6739253777473024		0
			0.929315355657358		-0.31926176908851406		0.18559335262317578		0
			0		0		0		1
		ranges
				-1.5707963300000001 1.5707963300000001
	endsegment

	// Segment
	segment calcn_r_rotation_2
		parent calcn_r_rotation_1 
		RTinMatrix	1
		RT
			-0.2309511401768419		0.37473419071008424		-0.8979063743864807		0
			0.8513078030830394		0.5246665840416455		8.298986899519007e-17		0
			0.4711014702385736		-0.7643947029532121		-0.44018648643060937		0
			0		0		0		1
		ranges
				-1.5707963300000001 1.5707963300000001
	endsegment


    // Segment to cancel transformation bases effect.
	// Segment
	segment calcn_r_reset_axis
		parent calcn_r_rotation_2 
		RTinMatrix	1
		RT
			-0.518580945469921		0.8513078030830395		0.07967952940029108		0
			0.8414334337970376		0.5246665840416455		-0.12928554473952958		0
			-0.1518669795710996		3.256489290346244e-17		-0.9884009411751647		0
			0		0		0		1
	endsegment


    //True segment where are applied inertial values.
	// Segment
	segment calcn_r
		parent calcn_r_reset_axis 
		RTinMatrix	0
		RT	-0.0	 0.0	 -0.0	xyz	-0.0	 -0.0	 -0.0
		mass	1.25
		inertia
			0.0014	0	0
			0	0.0038999999999999998	0
			0	0	0.0041000000000000003
		com	0.10000000000000001 0.029999999999999999 0
		meshfile	Geometry_cleaned/foot.vtp
		meshcolor	1 1 1
		meshscale	1 1 1
	endsegment

	// Markers

	marker	RCAL
		parent	calcn_r
		position	-0.014999999999999999 0.02 0
	endmarker

	marker	RMFH1
		parent	calcn_r
		position	0.19 0.014999999999999999 -0.042999999999999997
	endmarker

	marker	RMFH5
		parent	calcn_r
		position	0.14499999999999999 0.01 0.052999999999999999
	endmarker

// Information about toes_r segment
	// Segment
	segment toes_r_parent_offset
		parent calcn_r 
		RTinMatrix	0
		RT	0 0 0	xyz	0.17879999999999999 -0.002 0.00108
	endsegment

	// Segments to define transformation axis.
	// Segment
	segment toes_r_translation
		parent toes_r_parent_offset 
		RTinMatrix	1
		RT
			1.0		0.0		0.0		0
			0.0		1.0		0.0		0
			0.0		0.0		1.0		0
			0		0		0		1
	endsegment

	// Segment
	segment toes_r_mtp_angle_r
		parent toes_r_translation 
		RTinMatrix	1
		RT
			-0.5809543982451424		0.20478048244942385		-0.787754366009739		0
			0.0		0.9678331735266864		0.25159282227691454		0
			0.8139361075413872		0.14616395666868193		-0.5622669389278825		0
			0		0		0		1
		rotations x
		ranges
				-1.5707963300000001 1.5707963300000001
	endsegment

	// Segment
	segment toes_r_rotation_1
		parent toes_r_mtp_angle_r 
		RTinMatrix	1
		RT
			0.3648190460076309		4.6847826696421874e-17		0.9310784412014284		0
			0.23425265278305757		0.9678331735266862		-0.09178585340543137		0
			-0.9011286025502586		0.25159282227691454		0.35308397506054356		0
			0		0		0		1
		ranges
				-1.5707963300000001 1.5707963300000001
	endsegment

	// Segment
	segment toes_r_rotation_2
		parent toes_r_rotation_1 
		RTinMatrix	1
		RT
			-0.2892686761573375		0.22229837904064756		0.9310784412014288		0
			0.6093387433396164		0.7929100175084794		-6.387729781680474e-17		0
			-0.7382614231147927		0.5673421673122874		-0.36481904600763093		0
			0		0		0		1
		ranges
				-1.5707963300000001 1.5707963300000001
	endsegment


    // Segment to cancel transformation bases effect.
	// Segment
	segment toes_r_reset_axis
		parent toes_r_rotation_2 
		RTinMatrix	1
		RT
			0.460644562084184		0.6093387433396162		-0.6453780932814247		0
			-0.3539980229643179		0.7929100175084794		0.4959628049280076		0
			0.813936107541387		-5.588297373984595e-18		0.5809543982451422		0
			0		0		0		1
	endsegment


    //True segment where are applied inertial values.
	// Segment
	segment toes_r
		parent toes_r_reset_axis 
		RTinMatrix	0
		RT	-0.0	 0.0	 -0.0	xyz	-0.0	 -0.0	 -0.0
		mass	0.21659999999999999
		inertia
			0.0001	0	0
			0	0.00020000000000000001	0
			0	0	0.001
		com	0.034599999999999999 0.0060000000000000001 -0.017500000000000002
		meshfile	Geometry_cleaned/bofoot.vtp
		meshcolor	1 1 1
		meshscale	1 1 1
	endsegment

	// Markers

	marker	RTT2
		parent	toes_r
		position	0.059999999999999998 0.012 0.012
	endmarker

// Information about femur_l segment
	// Segment
	segment femur_l_parent_offset
		parent pelvis 
		RTinMatrix	0
		RT	0 0 0	xyz	-0.070699999999999999 -0.066100000000000006 -0.083500000000000005
	endsegment

	// Segments to define transformation axis.
	// Segment
	segment femur_l_translation
		parent femur_l_parent_offset 
		RTinMatrix	1
		RT
			1.0		0.0		0.0		0
			0.0		1.0		0.0		0
			0.0		0.0		1.0		0
			0		0		0		1
	endsegment

// Rotation transform was initially an orthogonal basis
	// Segment
	segment femur_l_rotation_transform
		parent femur_l_translation 
		RTinMatrix	1
		RT
			0.0		-1.0		0.0		0
			0.0		0.0		-1.0		0
			1.0		0.0		0.0		0
			0		0		0		1
		rotations xyz
		ranges
				-2.6179999999999999 2.0943950999999998
				-2.0943950999999998 2.0943950999999998
				-2.0943950999999998 2.0943950999999998
	endsegment


    // Segment to cancel transformation bases effect.
	// Segment
	segment femur_l_reset_axis
		parent femur_l_rotation_transform 
		RTinMatrix	1
		RT
			0.0		0.0		1.0		0
			-1.0		-0.0		-0.0		0
			-0.0		-1.0		-0.0		0
			0		0		0		1
	endsegment


    //True segment where are applied inertial values.
	// Segment
	segment femur_l
		parent femur_l_reset_axis 
		RTinMatrix	0
		RT	-0.0	 0.0	 -0.0	xyz	-0.0	 -0.0	 -0.0
		mass	9.3013999999999992
		inertia
			0.13389999999999999	0	0
			0	0.035099999999999999	0
			0	0	0.14119999999999999
		com	0 -0.17000000000000001 0
		meshfile	Geometry_cleaned/femur_l.vtp
		meshcolor	1 1 1
		meshscale	1 1 1
	endsegment

	// Markers

	marker	LGT
		parent	femur_l
		position	-0.042000000000000003 -0 -0.10000000000000001
	endmarker

	marker	LLFE
		parent	femur_l
		position	0 -0.39000000000000001 -0.050000000000000003
	endmarker

	marker	LMFE
		parent	femur_l
		position	0 -0.39000000000000001 0.055
	endmarker

// Information about tibia_l segment
	// Segment
	segment tibia_l_parent_offset
		parent femur_l 
		RTinMatrix	0
		RT	0 0 0	xyz	0 -0.39000000000000001 0
	endsegment

	// Segments to define transformation axis.
	// Segment
	segment tibia_l_translation
		parent tibia_l_parent_offset 
		RTinMatrix	1
		RT
			1.0		0.0		0.0		0
			0.0		1.0		0.0		0
			0.0		0.0		1.0		0
			0		0		0		1
	endsegment

// Rotation transform was initially an orthogonal basis
	// Segment
	segment tibia_l_rotation_transform
		parent tibia_l_translation 
		RTinMatrix	1
		RT
			0.0		0.0		1.0		0
			0.0		1.0		0.0		0
			1.0		0.0		0.0		0
			0		0		0		1
		rotations x
		ranges
				-3.1415999999999999 0.34910000000000002
	endsegment


    // Segment to cancel transformation bases effect.
	// Segment
	segment tibia_l_reset_axis
		parent tibia_l_rotation_transform 
		RTinMatrix	1
		RT
			0.0		0.0		1.0		0
			0.0		1.0		0.0		0
			1.0		0.0		0.0		0
			0		0		0		1
	endsegment


    //True segment where are applied inertial values.
	// Segment
	segment tibia_l
		parent tibia_l_reset_axis 
		RTinMatrix	0
		RT	-0.0	 0.0	 -0.0	xyz	-0.0	 -0.0	 -0.0
		mass	3.7075
		inertia
			0.0504	0	0
			0	0.0051000000000000004	0
			0	0	0.0511
		com	0 -0.1867 0
		meshfile	Geometry_cleaned/tibia_l.vtp
		meshcolor	1 1 1
		meshscale	1 1 1
	endsegment
	// Segment
	segment tibia_l_geom_2
		parent tibia_l 
		RTinMatrix	1
		RT
			1		0		0		0
			0		1		0		0
			0		0		1		0
			0		0		0		1
		meshfile	Geometry_cleaned/fibula_l.vtp
		meshcolor	1 1 1
		meshscale	1 1 1
	endsegment


	// Markers

	marker	LATT
		parent	tibia_l
		position	0.058000000000000003 -0.070000000000000007 0.0050000000000000001
	endmarker

	marker	LLM
		parent	tibia_l
		position	-0.0050000000000000001 -0.41999999999999998 -0.055
	endmarker

	marker	LSPH
		parent	tibia_l
		position	0.0060000000000000001 -0.39500000000000002 0.044999999999999998
	endmarker

// Information about talus_l segment
	// Segment
	segment talus_l_parent_offset
		parent tibia_l 
		RTinMatrix	0
		RT	0 0 0	xyz	0 -0.42999999999999999 0
	endsegment

	// Segments to define transformation axis.
	// Segment
	segment talus_l_translation
		parent talus_l_parent_offset 
		RTinMatrix	1
		RT
			1.0		0.0		0.0		0
			0.0		1.0		0.0		0
			0.0		0.0		1.0		0
			0		0		0		1
	endsegment

	// Segment
	segment talus_l_ankle_angle_l
		parent talus_l_translation 
		RTinMatrix	1
		RT
			0.10501354951145875		0.23798912682015835		-0.9655740934461647		0
			0.17402244919041737		0.9515635164390579		0.25346214975791415		0
			0.9791263154449344		-0.19464852862920198		0.058511611716937986		0
			0		0		0		1
		rotations x
		ranges
				-1.0471975499999999 1.0471975499999999
	endsegment

	// Segment
	segment talus_l_rotation_1
		parent talus_l_ankle_angle_l 
		RTinMatrix	1
		RT
			0.710744563214594		0.17402244919041737		0.6815851766570813		0
			0.05678096989788109		0.9515635164390581		-0.30216352466767166		0
			-0.7011548240712262		0.2534621497579142		0.6664374324133848		0
			0		0		0		1
		ranges
				-1.0471975499999999 1.0471975499999999
	endsegment

	// Segment
	segment talus_l_rotation_2
		parent talus_l_rotation_1 
		RTinMatrix	1
		RT
			-0.08828648231415263		0.7163373434482668		0.692146160447396		0
			0.9924905225997726		0.12232155390457734		2.2310168016872016e-17		0
			-0.08466439387501239		0.6869485044978619		-0.7217573640621396		0
			0		0		0		1
		ranges
				-1.0471975499999999 1.0471975499999999
	endsegment


    // Segment to cancel transformation bases effect.
	// Segment
	segment talus_l_reset_axis
		parent talus_l_rotation_2 
		RTinMatrix	1
		RT
			-0.013044456984316798		0.9924905225997726		-0.12162403007471322		0
			0.10583989097697657		0.12232155390457734		0.9868309657324051		0
			0.9942976212482686		1.0787630592826998e-17		-0.10664070695580526		0
			0		0		0		1
	endsegment


    //True segment where are applied inertial values.
	// Segment
	segment talus_l
		parent talus_l_reset_axis 
		RTinMatrix	0
		RT	-0.0	 0.0	 -0.0	xyz	-0.0	 -0.0	 -0.0
		mass	0.10000000000000001
		inertia
			0.001	0	0
			0	0.001	0
			0	0	0.001
		com	0 0 0
		meshfile	Geometry_cleaned/talus_lv.vtp
		meshcolor	1 1 1
		meshscale	1 1 1
	endsegment

	// Markers

// Information about calcn_l segment
	// Segment
	segment calcn_l_parent_offset
		parent talus_l 
		RTinMatrix	0
		RT	0 0 0	xyz	-0.048770000000000001 -0.041950000000000001 -0.00792
	endsegment

	// Segments to define transformation axis.
	// Segment
	segment calcn_l_translation
		parent calcn_l_parent_offset 
		RTinMatrix	1
		RT
			1.0		0.0		0.0		0
			0.0		1.0		0.0		0
			0.0		0.0		1.0		0
			0		0		0		1
	endsegment

	// Segment
	segment calcn_l_subtalar_angle_l
		parent calcn_l_translation 
		RTinMatrix	1
		RT
			-0.7871796068877029		0.607627441617972		-0.10553273754110457		0
			-0.6047474576089907		-0.7940671256459473		-0.06113846975387546		0
			-0.12094948952179817		0.01569369813592848		0.9925345983003488		0
			0		0		0		1
		rotations x
		ranges
				-1.5707963300000001 1.5707963300000001
	endsegment

	// Segment
	segment calcn_l_rotation_1
		parent calcn_l_subtalar_angle_l 
		RTinMatrix	1
		RT
			-0.3092533619520513		-0.6047474576089906		0.7339229323551729		0
			0.1633908865493132		-0.7940671256459471		-0.585457785122901		0
			0.9368381804313823		-0.06113846975387547		0.3443781514587873		0
			0		0		0		1
		ranges
				-1.5707963300000001 1.5707963300000001
	endsegment

	// Segment
	segment calcn_l_rotation_2
		parent calcn_l_rotation_1 
		RTinMatrix	1
		RT
			0.2979842059799995		0.24897131474767656		0.9215306274993156		0
			-0.641173504188553		0.7673959457324305		2.7253463384585202e-17		0
			-0.7071788674112375		-0.5908610216508124		0.3883056818805481		0
			0		0		0		1
		ranges
				-1.5707963300000001 1.5707963300000001
	endsegment


    // Segment to cancel transformation bases effect.
	// Segment
	segment calcn_l_reset_axis
		parent calcn_l_rotation_2 
		RTinMatrix	1
		RT
			0.7584948750159399		-0.6411735041885531		0.11654210441349172		0
			0.6337364949965442		0.7673959457324306		0.09737308346213332		0
			-0.15186697957109954		-3.4685854222155195e-17		0.9884009411751645		0
			0		0		0		1
	endsegment


    //True segment where are applied inertial values.
	// Segment
	segment calcn_l
		parent calcn_l_reset_axis 
		RTinMatrix	0
		RT	-0.0	 0.0	 -0.0	xyz	-0.0	 -0.0	 -0.0
		mass	1.25
		inertia
			0.0014	0	0
			0	0.0038999999999999998	0
			0	0	0.0041000000000000003
		com	0.10000000000000001 0.029999999999999999 0
		meshfile	Geometry_cleaned/l_foot.vtp
		meshcolor	1 1 1
		meshscale	1 1 1
	endsegment

	// Markers

	marker	LCAL
		parent	calcn_l
		position	-0.014999999999999999 0.02 0
	endmarker

	marker	LMFH1
		parent	calcn_l
		position	0.19 0.014999999999999999 0.042999999999999997
	endmarker

	marker	LMFH5
		parent	calcn_l
		position	0.14499999999999999 0.01 -0.052999999999999999
	endmarker

// Information about toes_l segment
	// Segment
	segment toes_l_parent_offset
		parent calcn_l 
		RTinMatrix	0
		RT	0 0 0	xyz	0.17879999999999999 -0.002 -0.00108
	endsegment

	// Segments to define transformation axis.
	// Segment
	segment toes_l_translation
		parent toes_l_parent_offset 
		RTinMatrix	1
		RT
			1.0		0.0		0.0		0
			0.0		1.0		0.0		0
			0.0		0.0		1.0		0
			0		0		0		1
	endsegment

	// Segment
	segment toes_l_mtp_angle_l
		parent toes_l_translation 
		RTinMatrix	1
		RT
			0.5809543982451424		0.451858588335213		-0.6769902534803091		0
			0.0		0.8317486436684286		0.5551524058812403		0
			0.8139361075413872		-0.32251823189307893		0.48320803277360524		0
			0		0		0		1
		rotations x
		ranges
				-1.0471975499999999 1.0471975499999999
	endsegment

	// Segment
	segment toes_l_rotation_1
		parent toes_l_mtp_angle_l 
		RTinMatrix	1
		RT
			0.9993281664196475		8.578235364503065e-18		-0.03664990859940635		0
			-0.020346284934287997		0.8317486436684287		-0.5547794358527559		0
			0.03048351176812807		0.5551524058812403		0.8311898469991997		0
			0		0		0		1
		ranges
				-1.0471975499999999 1.0471975499999999
	endsegment

	// Segment
	segment toes_l_rotation_2
		parent toes_l_rotation_1 
		RTinMatrix	1
		RT
			-0.7728687624804571		0.6335066378354549		-0.03664990859940632		0
			0.6339325350001456		0.7733883507451409		-1.4027672988989733e-16		0
			0.028344612366655114		-0.023233569465945254		-0.9993281664196478		0
			0		0		0		1
		ranges
				-1.0471975499999999 1.0471975499999999
	endsegment


    // Segment to cancel transformation bases effect.
	// Segment
	segment toes_l_reset_axis
		parent toes_l_rotation_2 
		RTinMatrix	1
		RT
			-0.4493033639169463		0.6339325350001459		-0.6294887038233532		0
			0.3682858943990273		0.7733883507451408		0.5159805799818626		0
			0.813936107541387		7.601614432322222e-17		-0.5809543982451425		0
			0		0		0		1
	endsegment


    //True segment where are applied inertial values.
	// Segment
	segment toes_l
		parent toes_l_reset_axis 
		RTinMatrix	0
		RT	-0.0	 0.0	 -0.0	xyz	-0.0	 -0.0	 -0.0
		mass	0.21659999999999999
		inertia
			0.0001	0	0
			0	0.00020000000000000001	0
			0	0	0.001
		com	0.034599999999999999 0.0060000000000000001 0.017500000000000002
		meshfile	Geometry_cleaned/l_bofoot.vtp
		meshcolor	1 1 1
		meshscale	1 1 1
	endsegment

	// Markers

	marker	LTT2
		parent	toes_l
		position	0.059999999999999998 0.012 -0.012
	endmarker

// Information about torso segment
	// Segment
	segment torso_parent_offset
		parent pelvis 
		RTinMatrix	0
		RT	0 0 0	xyz	-0.1007 0.081500000000000003 0
	endsegment

	// Segments to define transformation axis.
	// Segment
	segment torso_translation
		parent torso_parent_offset 
		RTinMatrix	1
		RT
			1.0		0.0		0.0		0
			0.0		1.0		0.0		0
			0.0		0.0		1.0		0
			0		0		0		1
	endsegment

// Rotation transform was initially an orthogonal basis
	// Segment
	segment torso_rotation_transform
		parent torso_translation 
		RTinMatrix	1
		RT
			0.0		1.0		0.0		0
			0.0		0.0		1.0		0
			1.0		0.0		0.0		0
			0		0		0		1
		rotations xyz
		ranges
				-1.5707963300000001 1.5707963300000001
				-1.5707963300000001 1.5707963300000001
				-1.5707963300000001 1.5707963300000001
	endsegment


    // Segment to cancel transformation bases effect.
	// Segment
	segment torso_reset_axis
		parent torso_rotation_transform 
		RTinMatrix	1
		RT
			0.0		0.0		1.0		0
			1.0		0.0		0.0		0
			0.0		1.0		0.0		0
			0		0		0		1
	endsegment


    //True segment where are applied inertial values.
	// Segment
	segment torso
		parent torso_reset_axis 
		RTinMatrix	0
		RT	-0.0	 0.0	 -0.0	xyz	-0.0	 -0.0	 -0.0
		mass	21.280000000000001
		inertia
			0.62749900000000003	0	0
			0	0.62749900000000003	0
			0	0	0.845584
		com	0.0030000000000000001 0.246 0
		meshfile	Geometry_cleaned/hat_spine.vtp
		meshcolor	1 1 1
		meshscale	1 1 1
	endsegment
	// Segment
	segment torso_geom_2
		parent torso 
		RTinMatrix	1
		RT
			1		0		0		0
			0		1		0		0
			0		0		1		0
			0		0		0		1
		meshfile	Geometry_cleaned/hat_ribs_scap.vtp
		meshcolor	1 1 1
		meshscale	1 1 1
	endsegment


	// Markers

	marker	STR
		parent	torso
		position	0.10000000000000001 0.22 0
	endmarker

	marker	RA
		parent	torso
		position	-0.029999999999999999 0.41999999999999998 0.14999999999999999
	endmarker

	marker	LA
		parent	torso
		position	-0.029999999999999999 0.41999999999999998 -0.14999999999999999
	endmarker

	marker	C7
		parent	torso
		position	-0.075999999999999998 0.42999999999999999 0
	endmarker

	marker	T10
		parent	torso
		position	-0.11 0.20999999999999999 0
	endmarker

	marker	SUP
		parent	torso
		position	0.041000000000000002 0.38 0
	endmarker

// Information about head_and_neck segment
	// Segment
	segment head_and_neck_parent_offset
		parent torso 
		RTinMatrix	0
		RT	0 0 0	xyz	-0.01 0.44500000000000001 -0
	endsegment

	// Segments to define transformation axis.
	// Segment
	segment head_and_neck_translation
		parent head_and_neck_parent_offset 
		RTinMatrix	1
		RT
			1.0		0.0		0.0		0
			0.0		1.0		0.0		0
			0.0		0.0		1.0		0
			0		0		0		1
	endsegment

// Rotation transform was initially an orthogonal basis
	// Segment
	segment head_and_neck_rotation_transform
		parent head_and_neck_translation 
		RTinMatrix	1
		RT
			0.0		1.0		0.0		0
			0.0		0.0		1.0		0
			1.0		0.0		0.0		0
			0		0		0		1
		rotations xyz
		ranges
				-1.74533 1.0471975499999999
				-0.59999999999999998 0.59999999999999998
				-1.2217 1.2217
	endsegment


    // Segment to cancel transformation bases effect.
	// Segment
	segment head_and_neck_reset_axis
		parent head_and_neck_rotation_transform 
		RTinMatrix	1
		RT
			0.0		0.0		1.0		0
			1.0		0.0		0.0		0
			0.0		1.0		0.0		0
			0		0		0		1
	endsegment


    //True segment where are applied inertial values.
	// Segment
	segment head_and_neck
		parent head_and_neck_reset_axis 
		RTinMatrix	0
		RT	-0.0	 0.0	 -0.0	xyz	-0.0	 -0.0	 -0.0
		mass	4.6900000000000004
		inertia
			0.0268334	0.000226171	0.000251301
			0.000226171	0.017451500000000002	0.00011169
			0.000251301	0.00011169	0.0269334
		com	-0.0060000000000000001 0.14899999999999999 0
		meshfile	Geometry_cleaned/jaw.vtp
		meshcolor	1 1 1
		meshscale	1 1 1
	endsegment
	// Segment
	segment head_and_neck_geom_2
		parent head_and_neck 
		RTinMatrix	1
		RT
			1		0		0		0.0
			0		1		0		0.06
			0		0		1		0.0
			0		0		0		1
		meshfile	Geometry_cleaned/skull.vtp
		meshcolor	1 1 1
		meshscale	1 1 1
	endsegment


	// Markers

	marker	SEL
		parent	head_and_neck
		position	0.12 0.17000000000000001 0.0040000000000000001
	endmarker

	marker	OCC
		parent	head_and_neck
		position	-0.10000000000000001 0.14000000000000001 0
	endmarker

	marker	RTEMP
		parent	head_and_neck
		position	0.02 0.14999999999999999 0.10000000000000001
	endmarker

	marker	LTEMP
		parent	head_and_neck
		position	0.02 0.14999999999999999 -0.10000000000000001
	endmarker

	marker	HV
		parent	head_and_neck
		position	0 0.23000000000000001 0
	endmarker

// Information about humerus_r segment
	// Segment
	segment humerus_r_parent_offset
		parent torso 
		RTinMatrix	0
		RT	0 0 0	xyz	0.0031549999999999998 0.3715 0.17000000000000001
	endsegment

	// Segments to define transformation axis.
	// Segment
	segment humerus_r_translation
		parent humerus_r_parent_offset 
		RTinMatrix	1
		RT
			1.0		0.0		0.0		0
			0.0		1.0		0.0		0
			0.0		0.0		1.0		0
			0		0		0		1
	endsegment

// Rotation transform was initially an orthogonal basis
	// Segment
	segment humerus_r_rotation_transform
		parent humerus_r_translation 
		RTinMatrix	1
		RT
			0.0		1.0		0.0		0
			0.0		0.0		1.0		0
			1.0		0.0		0.0		0
			0		0		0		1
		rotations xyz
		// ranges
				// -1.5707963300000001 3.1415999999999999
				// -3.8397000000000001 1.5707963300000001
				// -1.5707963300000001 1.5707963300000001
	endsegment


    // Segment to cancel transformation bases effect.
	// Segment
	segment humerus_r_reset_axis
		parent humerus_r_rotation_transform 
		RTinMatrix	1
		RT
			0.0		0.0		1.0		0
			1.0		0.0		0.0		0
			0.0		1.0		0.0		0
			0		0		0		1
	endsegment


    //True segment where are applied inertial values.
	// Segment
	segment humerus_r
		parent humerus_r_reset_axis 
		RTinMatrix	0
		RT	-0.0	 0.0	 -0.0	xyz	-0.0	 -0.0	 -0.0
		mass	2.0325000000000002
		inertia
			0.011946	0	0
			0	0.0041209999999999997	0
			0	0	0.013409000000000001
		com	0 -0.16450200000000001 0
		meshfile	Geometry_cleaned/humerus_rv.vtp
		meshcolor	1 1 1
		meshscale	1 1 1
	endsegment

	// Markers

	marker	RLHE
		parent	humerus_r
		position	0.025000000000000001 -0.27000000000000002 0.037999999999999999
	endmarker

	marker	RMHE
		parent	humerus_r
		position	0.001 -0.28000000000000003 -0.044999999999999998
	endmarker

// Information about ulna_r segment
	// Segment
	segment ulna_r_parent_offset
		parent humerus_r 
		RTinMatrix	0
		RT	0 0 0	xyz	0.013143999999999999 -0.286273 -0.0095949999999999994
	endsegment

	// Segments to define transformation axis.
	// Segment
	segment ulna_r_translation
		parent ulna_r_parent_offset 
		RTinMatrix	1
		RT
			1.0		0.0		0.0		0
			0.0		1.0		0.0		0
			0.0		0.0		1.0		0
			0		0		0		1
	endsegment

	// Segment
	segment ulna_r_elbow_flex_r
		parent ulna_r_translation 
		RTinMatrix	1
		RT
			0.22604695995284768		0.676907687756783		-0.700498932298859		0
			0.022268999995354796		0.7153332746590885		0.6984285201827828		0
			0.9738618297968572		-0.17347705445179346		0.14662485479429094		0
			0		0		0		1
		rotations x
		ranges
				0 3.1415999999999999
	endsegment

	// Segment
	segment ulna_r_rotation_1
		parent ulna_r_elbow_flex_r 
		RTinMatrix	1
		RT
			0.7748209927935017		0.02226899999535478		0.6317883512424861		0
			0.4291291020430212		0.7153332746590886		-0.5514948050029623		0
			-0.46422046799580313		0.6984285201827828		0.5446989620781789		0
			0		0		0		1
		ranges
				0 3.1415999999999999
	endsegment

	// Segment
	segment ulna_r_rotation_2
		parent ulna_r_rotation_1 
		RTinMatrix	1
		RT
			-0.5681573862912997		0.5271077881892041		0.6319450640941219		0
			0.6801275111326257		0.7330938334214387		-6.926636215534533e-17		0
			-0.4632750295485167		0.4298032236148829		-0.7750131843827407		0
			0		0		0		1
		ranges
				0 3.1415999999999999
	endsegment


    // Segment to cancel transformation bases effect.
	// Segment
	segment ulna_r_reset_axis
		parent ulna_r_rotation_2 
		RTinMatrix	1
		RT
			-0.1657547370817457		0.6801275111326256		-0.714109190345217		0
			0.15377889111916995		0.7330938334214387		0.662514516101812		0
			0.9741033927572164		1.1050601890633762e-16		-0.2261030300966356		0
			0		0		0		1
	endsegment


    //True segment where are applied inertial values.
	// Segment
	segment ulna_r
		parent ulna_r_reset_axis 
		RTinMatrix	0
		RT	-0.0	 0.0	 -0.0	xyz	-0.0	 -0.0	 -0.0
		mass	0.60750000000000004
		inertia
			0.0029619999999999998	0	0
			0	0.00061799999999999995	0
			0	0	0.0032130000000000001
		com	0 -0.12052499999999999 0
		meshfile	Geometry_cleaned/ulna_rv.vtp
		meshcolor	1 1 1
		meshscale	1 1 1
	endsegment

	// Markers

// Information about radius_r segment
	// Segment
	segment radius_r_parent_offset
		parent ulna_r 
		RTinMatrix	0
		RT	0 0 0	xyz	-0.0067270000000000003 -0.013006999999999999 0.026082999999999999
	endsegment

	// Segments to define transformation axis.
	// Segment
	segment radius_r_translation
		parent radius_r_parent_offset 
		RTinMatrix	1
		RT
			1.0		0.0		0.0		0
			0.0		1.0		0.0		0
			0.0		0.0		1.0		0
			0		0		0		1
	endsegment

	// Segment
	segment radius_r_pro_sup_r
		parent radius_r_translation 
		RTinMatrix	1
		RT
			0.05639802978958989		0.4232400177886613		0.9042605540319152		0
			0.9984064562751391		-0.0256786590725732		-0.050250915776268106		0
			0.0019519999927174664		0.9056536279453024		-0.42401379209353585		0
			0		0		0		1
		rotations x
		// ranges
				// -3.1415999999999999 3.1415999999999999
	endsegment

	// Segment
	segment radius_r_rotation_1
		parent radius_r_pro_sup_r 
		RTinMatrix	1
		RT
			0.05007142767613082		0.9984064562751387		-0.026026912967023884		0
			0.8138071385938472		-0.025679028235720817		0.5805674195841203		0
			0.5789739141828143		-0.05025072712894898		-0.8137960869399921		0
			0		0		0		1
		// ranges
				// -3.1415999999999999 3.1415999999999999
	endsegment

	// Segment
	segment radius_r_rotation_2
		parent radius_r_rotation_1 
		RTinMatrix	1
		RT
			-0.8364447818659274		0.29604969723300034		-0.46121004288448625		0
			0.3336557019434118		0.9426950050576532		-6.686089607873178e-18		0
			0.4347804037096314		-0.1538853606019744		-0.8872909874119596		0
			0		0		0		1
		// ranges
				// -3.1415999999999999 3.1415999999999999
	endsegment


    // Segment to cancel transformation bases effect.
	// Segment
	segment radius_r_reset_axis
		parent radius_r_rotation_2 
		RTinMatrix	1
		RT
			-0.9421306261449764		0.33365570194195004		-0.03261527006325943		0
			0.33345596194314786		0.9426950050580799		0.011543348002948367		0
			0.03459775605793872		-4.145711526472702e-07		-0.9994013184279795		0
			0		0		0		1
	endsegment


    //True segment where are applied inertial values.
	// Segment
	segment radius_r
		parent radius_r_reset_axis 
		RTinMatrix	0
		RT	-0.0	 0.0	 -0.0	xyz	-0.0	 -0.0	 -0.0
		mass	0.60750000000000004
		inertia
			0.0029619999999999998	0	0
			0	0.00061799999999999995	0
			0	0	0.0032130000000000001
		com	0 -0.12052499999999999 0
		meshfile	Geometry_cleaned/radius_rv.vtp
		meshcolor	1 1 1
		meshscale	1 1 1
	endsegment

	// Markers

	marker	RUS
		parent	radius_r
		position	-0.014999999999999999 -0.23000000000000001 -0.017999999999999999
	endmarker

	marker	RRS
		parent	radius_r
		position	-0.0030000000000000001 -0.23000000000000001 0.050000000000000003
	endmarker

// Information about lunate_r segment
	// Segment
	segment lunate_r_parent_offset
		parent radius_r 
		RTinMatrix	0
		RT	0.10000000000000001 0 0	xyz	-0.0087969999999999993 -0.235841 0.013610000000000001
	endsegment

	// Segments to define transformation axis.
	// Segment
	segment lunate_r_translation
		parent lunate_r_parent_offset 
		RTinMatrix	1
		RT
			1.0		0.0		0.0		0
			0.0		1.0		0.0		0
			0.0		0.0		1.0		0
			0		0		0		1
	endsegment

// Rotation transform was initially an orthogonal basis
	// Segment
	segment lunate_r_rotation_transform
		parent lunate_r_translation 
		RTinMatrix	1
		RT
			0.0		1.0		0.0		0
			0.0		0.0		1.0		0
			1.0		0.0		0.0		0
			0		0		0		1
		rotations x
		ranges
				-1.5708 1.5708
	endsegment


    // Segment to cancel transformation bases effect.
	// Segment
	segment lunate_r_reset_axis
		parent lunate_r_rotation_transform 
		RTinMatrix	1
		RT
			0.0		0.0		1.0		0
			1.0		0.0		0.0		0
			0.0		1.0		0.0		0
			0		0		0		1
	endsegment


    //True segment where are applied inertial values.
	// Segment
	segment lunate_r
		parent lunate_r_reset_axis 
		RTinMatrix	0
		RT	-0.0	 0.0	 -0.0	xyz	-0.0	 -0.0	 -0.0
		mass	0.01
		inertia
			1.0000000000000001e-05	0	0
			0	1.0000000000000001e-05	0
			0	0	1.0000000000000001e-05
		com	0 0 0
		meshfile	Geometry_cleaned/lunate_rvs.vtp
		meshcolor	1 1 1
		meshscale	0.84999999999999998 0.84999999999999998 0.84999999999999998
	endsegment

	// Markers

// Information about hand_r segment
	// Segment
	segment hand_r_parent_offset
		parent lunate_r 
		RTinMatrix	0
		RT	0 0 0	xyz	0 0 0
	endsegment

	// Segments to define transformation axis.
	// Segment
	segment hand_r_translation
		parent hand_r_parent_offset 
		RTinMatrix	1
		RT
			1.0		0.0		0.0		0
			0.0		1.0		0.0		0
			0.0		0.0		1.0		0
			0		0		0		1
	endsegment

// Rotation transform was initially an orthogonal basis
	// Segment
	segment hand_r_rotation_transform
		parent hand_r_translation 
		RTinMatrix	1
		RT
			0.0		1.0		0.0		0
			0.0		0.0		1.0		0
			1.0		0.0		0.0		0
			0		0		0		1
		rotations y
		ranges
				-0.43633231 0.61086523999999998
	endsegment


    // Segment to cancel transformation bases effect.
	// Segment
	segment hand_r_reset_axis
		parent hand_r_rotation_transform 
		RTinMatrix	1
		RT
			0.0		0.0		1.0		0
			1.0		0.0		0.0		0
			0.0		1.0		0.0		0
			0		0		0		1
	endsegment


    //True segment where are applied inertial values.
	// Segment
	segment hand_r
		parent hand_r_reset_axis 
		RTinMatrix	0
		RT	-0.0	 0.0	 -0.0	xyz	-0.0	 -0.0	 -0.0
		mass	0.45750000000000002
		inertia
			0.000892	0	0
			0	0.00054699999999999996	0
			0	0	0.00134
		com	0 -0.068095000000000003 0
		meshfile	Geometry_cleaned/pisiform_rvs.vtp
		meshcolor	1 1 1
