version 4


// File extracted from /home/charbie/Documents/Programmation/biobuddy/examples/models/wholebody.osim on the 2026-03-26 09:36

// Original file publication : Whole body model that consists of 23 bodies, 42 degrees of freedom and 30 muscles. The whole-body geometric model and the lower limbs, pelvis and upper limbs anthropometry are based on the running model of Hammer et al. 2010 which consists of 12 segments and 29 degrees of freedom. Extra segments and degrees of freedom were later added based on Dumas et al. 2007. Muscles Each lower extremity had seven degrees-of-freedom; the hip was modeled as a ball-and-socket joint (3 dofs), the knee was modeled as a revolute joint with 1 dof, the ankle was modeled as 2 revolute joints and feet toes with one revolute joint. The pelvis joint was model as a free flyer joint (6 dofs) to allow the model to translate and rotate in the 3D space, the lumbar motion was modeled as a ball-and-socket joint (3 dofs) (Anderson and Pandy, 1999) and the neck joint was modeled as a ball-and-socket joint (3 dofs). Mass properties of the torso and head (including the neck) segments were estimated from Dumas et al., 2007. Each arm consisted of 8 degrees-of-freedom; the shoulder was modeled as a ball-and-socket joint (3 dofs), the elbow and forearm rotation were each modeled with revolute joints (1 dof) (Holzbaur et al., 2005), the wrist flexion and deviation were each modeled with revolute joints and the hand fingers were modeled with 1 revolute joint. Mass properties for the arms were estimated from 1 and de Leva, 1996. The model also include 30 superficial muscles of the whole body..

// Original file credit : Delp S.L., Loan J.P., Hoy M.G., Zajac F.E., Topp E.L., Rosen J.M., Thelen D.G., Anderson F.C., Seth A., Hamner S.R.

// Force units : N

// Length units : meters


gravity	0.0	-9.80665	0.0


// --------------------------------------------------------------
// SEGMENTS
// --------------------------------------------------------------

segment	root
	parent	base
	RTinMatrix	1
	RT
		1.000000	0.000000	0.000000	0.000000
		0.000000	1.000000	0.000000	0.000000
		0.000000	0.000000	1.000000	0.000000
		0.000000	0.000000	0.000000	1.000000
endsegment



segment	ground
	parent	root
	RTinMatrix	1
	RT
		1.000000	0.000000	0.000000	0.000000
		0.000000	1.000000	0.000000	0.000000
		0.000000	0.000000	1.000000	0.000000
		0.000000	0.000000	0.000000	1.000000
endsegment



segment	pelvis_parent_offset
	parent	ground
	RTinMatrix	1
	RT
		1.000000	0.000000	0.000000	0.000000
		0.000000	1.000000	0.000000	0.000000
		0.000000	0.000000	1.000000	0.000000
		0.000000	0.000000	0.000000	1.000000
endsegment



segment	pelvis_translation
	parent	pelvis_parent_offset
	RTinMatrix	1
	RT
		1.000000	0.000000	0.000000	0.000000
		0.000000	1.000000	0.000000	0.000000
		0.000000	0.000000	1.000000	0.000000
		0.000000	0.000000	0.000000	1.000000
	translations	xyz
	rangesQ 
		-10.000000	10.000000
		-6.000000	6.000000
		-5.000000	5.000000

endsegment



segment	pelvis_rotation_transform
	parent	pelvis_translation
	RTinMatrix	1
	RT
		0.000000	1.000000	0.000000	0.000000
		0.000000	0.000000	1.000000	0.000000
		1.000000	0.000000	0.000000	0.000000
		0.000000	0.000000	0.000000	1.000000
	rotations	xyz
	rangesQ 
		-3.141600	3.141600
		-3.141600	3.141600
		-3.141600	3.141600

endsegment



segment	pelvis_reset_axis
	parent	pelvis_rotation_transform
	RTinMatrix	1
	RT
		0.000000	0.000000	1.000000	0.000000
		1.000000	0.000000	0.000000	0.000000
		0.000000	1.000000	0.000000	0.000000
		0.000000	0.000000	0.000000	1.000000
endsegment



segment	pelvis_geom_2
	parent	pelvis_reset_axis
	RTinMatrix	1
	RT
		1.000000	0.000000	0.000000	0.000000
		0.000000	1.000000	0.000000	0.000000
		0.000000	0.000000	1.000000	0.000000
		0.000000	0.000000	0.000000	1.000000
	meshfile	Geometry_cleaned/pelvis.vtp
	meshcolor	1.0	1.0	1.0
	meshscale	1.0	1.0	1.0
	meshrt	0.0	0.0	0.0	xyz	0.0	0.0	0.0
endsegment



segment	pelvis_geom_3
	parent	pelvis_reset_axis
	RTinMatrix	1
	RT
		1.000000	0.000000	0.000000	0.000000
		0.000000	1.000000	0.000000	0.000000
		0.000000	0.000000	1.000000	0.000000
		0.000000	0.000000	0.000000	1.000000
	meshfile	Geometry_cleaned/l_pelvis.vtp
	meshcolor	1.0	1.0	1.0
	meshscale	1.0	1.0	1.0
	meshrt	0.0	0.0	0.0	xyz	0.0	0.0	0.0
endsegment



segment	pelvis
	parent	pelvis_geom_3
	RTinMatrix	1
	RT
		1.000000	0.000000	0.000000	-0.000000
		0.000000	1.000000	0.000000	-0.000000
		0.000000	0.000000	1.000000	-0.000000
		0.000000	0.000000	0.000000	1.000000
	mass	11.777
	CenterOfMass	-0.070700	0.000000	0.000000
	inertia
		0.102800	0.000000	0.000000
		0.000000	0.087100	0.000000
		0.000000	0.000000	0.057900
	meshfile	Geometry_cleaned/sacrum.vtp
	meshcolor	1.0	1.0	1.0
	meshscale	1.0	1.0	1.0
	meshrt	0.0	0.0	0.0	xyz	0.0	0.0	0.0
endsegment

marker	RASIS
	parent	pelvis
	position	0.02000000	0.01500000	0.12800000
	technical	1
	anatomical	0
endmarker
marker	LASIS
	parent	pelvis
	position	0.02000000	0.01500000	-0.12800000
	technical	1
	anatomical	0
endmarker
marker	LPSIS
	parent	pelvis
	position	-0.20000000	0.03000000	-0.04000000
	technical	1
	anatomical	0
endmarker
marker	RPSIS
	parent	pelvis
	position	-0.20000000	0.03000000	0.04000000
	technical	1
	anatomical	0
endmarker



segment	femur_r_parent_offset
	parent	pelvis
	RTinMatrix	1
	RT
		1.000000	0.000000	0.000000	-0.070700
		0.000000	1.000000	0.000000	-0.066100
		0.000000	0.000000	1.000000	0.083500
		0.000000	0.000000	0.000000	1.000000
endsegment



segment	femur_r_translation
	parent	femur_r_parent_offset
	RTinMatrix	1
	RT
		1.000000	0.000000	0.000000	0.000000
		0.000000	1.000000	0.000000	0.000000
		0.000000	0.000000	1.000000	0.000000
		0.000000	0.000000	0.000000	1.000000
endsegment



segment	femur_r_rotation_transform
	parent	femur_r_translation
	RTinMatrix	1
	RT
		0.000000	1.000000	0.000000	0.000000
		0.000000	0.000000	1.000000	0.000000
		1.000000	0.000000	0.000000	0.000000
		0.000000	0.000000	0.000000	1.000000
	rotations	xyz
	rangesQ 
		-2.618000	2.094395
		-2.094395	2.094395
		-2.094395	2.094395

endsegment



segment	femur_r_reset_axis
	parent	femur_r_rotation_transform
	RTinMatrix	1
	RT
		0.000000	0.000000	1.000000	0.000000
		1.000000	0.000000	0.000000	0.000000
		0.000000	1.000000	0.000000	0.000000
		0.000000	0.000000	0.000000	1.000000
endsegment



segment	femur_r
	parent	femur_r_reset_axis
	RTinMatrix	1
	RT
		1.000000	0.000000	0.000000	-0.000000
		0.000000	1.000000	0.000000	-0.000000
		0.000000	0.000000	1.000000	-0.000000
		0.000000	0.000000	0.000000	1.000000
	mass	9.3014
	CenterOfMass	0.000000	-0.170000	0.000000
	inertia
		0.133900	0.000000	0.000000
		0.000000	0.035100	0.000000
		0.000000	0.000000	0.141200
	meshfile	Geometry_cleaned/femur_r.vtp
	meshcolor	1.0	1.0	1.0
	meshscale	1.0	1.0	1.0
	meshrt	0.0	0.0	0.0	xyz	0.0	0.0	0.0
endsegment

marker	RLFE
	parent	femur_r
	position	0.00000000	-0.39000000	0.05000000
	technical	1
	anatomical	0
endmarker
marker	RMFE
	parent	femur_r
	position	0.00000000	-0.39000000	-0.05500000
	technical	1
	anatomical	0
endmarker
marker	RGT
	parent	femur_r
	position	-0.04200000	0.00000000	0.10000000
	technical	1
	anatomical	0
endmarker



segment	tibia_r_parent_offset
	parent	femur_r
	RTinMatrix	1
	RT
		1.000000	0.000000	0.000000	0.000000
		0.000000	1.000000	0.000000	-0.390000
		0.000000	0.000000	1.000000	0.000000
		0.000000	0.000000	0.000000	1.000000
endsegment



segment	tibia_r_translation
	parent	tibia_r_parent_offset
	RTinMatrix	1
	RT
		1.000000	0.000000	0.000000	0.000000
		0.000000	1.000000	0.000000	0.000000
		0.000000	0.000000	1.000000	0.000000
		0.000000	0.000000	0.000000	1.000000
endsegment



segment	tibia_r_rotation_transform
	parent	tibia_r_translation
	RTinMatrix	1
	RT
		0.000000	0.000000	-1.000000	0.000000
		0.000000	1.000000	0.000000	0.000000
		1.000000	0.000000	0.000000	0.000000
		0.000000	0.000000	0.000000	1.000000
	rotations	x
	rangesQ 
		-3.141600	0.349100

endsegment



segment	tibia_r_reset_axis
	parent	tibia_r_rotation_transform
	RTinMatrix	1
	RT
		0.000000	0.000000	1.000000	0.000000
		0.000000	1.000000	0.000000	0.000000
		-1.000000	0.000000	0.000000	0.000000
		0.000000	0.000000	0.000000	1.000000
endsegment



segment	tibia_r_geom_2
	parent	tibia_r_reset_axis
	RTinMatrix	1
	RT
		1.000000	0.000000	0.000000	0.000000
		0.000000	1.000000	0.000000	0.000000
		0.000000	0.000000	1.000000	0.000000
		0.000000	0.000000	0.000000	1.000000
	meshfile	Geometry_cleaned/fibula_r.vtp
	meshcolor	1.0	1.0	1.0
	meshscale	1.0	1.0	1.0
	meshrt	0.0	0.0	0.0	xyz	0.0	0.0	0.0
endsegment



segment	tibia_r
	parent	tibia_r_geom_2
	RTinMatrix	1
	RT
		1.000000	0.000000	0.000000	-0.000000
		0.000000	1.000000	0.000000	-0.000000
		0.000000	0.000000	1.000000	-0.000000
		0.000000	0.000000	0.000000	1.000000
	mass	3.7075
	CenterOfMass	0.000000	-0.186700	0.000000
	inertia
		0.050400	0.000000	0.000000
		0.000000	0.005100	0.000000
		0.000000	0.000000	0.051100
	meshfile	Geometry_cleaned/tibia_r.vtp
	meshcolor	1.0	1.0	1.0
	meshscale	1.0	1.0	1.0
	meshrt	0.0	0.0	0.0	xyz	0.0	0.0	0.0
endsegment

marker	RATT
	parent	tibia_r
	position	0.05800000	-0.07000000	0.00500000
	technical	1
	anatomical	0
endmarker
marker	RLM
	parent	tibia_r
	position	-0.00500000	-0.42000000	0.05500000
	technical	1
	anatomical	0
endmarker
marker	RSPH
	parent	tibia_r
	position	0.00600000	-0.39500000	-0.04500000
	technical	1
	anatomical	0
endmarker



segment	talus_r_parent_offset
	parent	tibia_r
	RTinMatrix	1
	RT
		1.000000	0.000000	0.000000	0.000000
		0.000000	1.000000	0.000000	-0.430000
		0.000000	0.000000	1.000000	0.000000
		0.000000	0.000000	0.000000	1.000000
endsegment



segment	talus_r_translation
	parent	talus_r_parent_offset
	RTinMatrix	1
	RT
		1.000000	0.000000	0.000000	0.000000
		0.000000	1.000000	0.000000	0.000000
		0.000000	0.000000	1.000000	0.000000
		0.000000	0.000000	0.000000	1.000000
endsegment



segment	tibia_r_offset_ankle_angle_r
	parent	talus_r_translation
	RTinMatrix	1
	RT
		-0.105014	0.318348	-0.942140	0.000000
		-0.174022	0.926877	0.332588	0.000000
		0.979126	0.198880	-0.041935	0.000000
		0.000000	0.000000	0.000000	1.000000
	rotations	x
	rangesQ 
		-1.570796	1.570796

endsegment



segment	talus_r_rotation_1
	parent	tibia_r_offset_ankle_angle_r
	RTinMatrix	1
	RT
		0.175633	-0.174022	0.968953	0.000000
		0.361540	0.926877	0.100933	0.000000
		-0.915665	0.332588	0.225706	0.000000
		0.000000	0.000000	0.000000	1.000000
endsegment



segment	talus_r_rotation_2
	parent	talus_r_rotation_1
	RTinMatrix	1
	RT
		-0.100306	0.147475	0.983966	0.000000
		0.826867	0.562398	0.000000	0.000000
		-0.553381	0.813609	-0.178354	0.000000
		0.000000	0.000000	0.000000	1.000000
endsegment



segment	talus_r_reset_axis
	parent	talus_r_rotation_2
	RTinMatrix	1
	RT
		0.059975	0.826867	-0.559191	0.000000
		-0.088178	0.562398	0.822152	0.000000
		0.994298	0.000000	0.106641	0.000000
		0.000000	0.000000	0.000000	1.000000
endsegment



segment	talus_r
	parent	talus_r_reset_axis
	RTinMatrix	1
	RT
		1.000000	0.000000	0.000000	-0.000000
		0.000000	1.000000	0.000000	-0.000000
		0.000000	0.000000	1.000000	-0.000000
		0.000000	0.000000	0.000000	1.000000
	mass	0.1
	CenterOfMass	0.000000	0.000000	0.000000
	inertia
		0.001000	0.000000	0.000000
		0.000000	0.001000	0.000000
		0.000000	0.000000	0.001000
	meshfile	Geometry_cleaned/talus_rv.vtp
	meshcolor	1.0	1.0	1.0
	meshscale	1.0	1.0	1.0
	meshrt	0.0	0.0	0.0	xyz	0.0	0.0	0.0
endsegment



segment	calcn_r_parent_offset
	parent	talus_r
	RTinMatrix	1
	RT
		1.000000	0.000000	0.000000	-0.048770
		0.000000	1.000000	0.000000	-0.041950
		0.000000	0.000000	1.000000	0.007920
		0.000000	0.000000	0.000000	1.000000
endsegment



segment	calcn_r_translation
	parent	calcn_r_parent_offset
	RTinMatrix	1
	RT
		1.000000	0.000000	0.000000	0.000000
		0.000000	1.000000	0.000000	0.000000
		0.000000	0.000000	1.000000	0.000000
		0.000000	0.000000	0.000000	1.000000
endsegment



segment	talus_r_offset_subtalar_angle_r
	parent	calcn_r_translation
	RTinMatrix	1
	RT
		0.787180	0.066652	0.613112	0.000000
		0.604747	0.111546	-0.788567	0.000000
		-0.120949	0.991522	0.047499	0.000000
		0.000000	0.000000	0.000000	1.000000
	rotations	x
	rangesQ 
		-1.570796	1.570796

endsegment



segment	calcn_r_rotation_1
	parent	talus_r_offset_subtalar_angle_r
	RTinMatrix	1
	RT
		0.779715	0.604747	-0.162248	0.000000
		0.118790	0.111546	0.986634	0.000000
		0.614762	-0.788567	0.015136	0.000000
		0.000000	0.000000	0.000000	1.000000
endsegment



segment	calcn_r_rotation_2
	parent	calcn_r_rotation_1
	RTinMatrix	1
	RT
		-0.911249	0.357942	-0.203723	0.000000
		0.365609	0.930768	0.000000	0.000000
		0.189619	-0.074483	-0.979029	0.000000
		0.000000	0.000000	0.000000	1.000000
endsegment



segment	calcn_r_reset_axis
	parent	calcn_r_rotation_2
	RTinMatrix	1
	RT
		-0.919972	0.365609	0.141353	0.000000
		0.361369	0.930768	-0.055524	0.000000
		-0.151867	-0.000000	-0.988401	0.000000
		0.000000	0.000000	0.000000	1.000000
endsegment



segment	calcn_r
	parent	calcn_r_reset_axis
	RTinMatrix	1
	RT
		1.000000	0.000000	0.000000	-0.000000
		0.000000	1.000000	0.000000	-0.000000
		0.000000	0.000000	1.000000	-0.000000
		0.000000	0.000000	0.000000	1.000000
	mass	1.25
	CenterOfMass	0.100000	0.030000	0.000000
	inertia
		0.001400	0.000000	0.000000
		0.000000	0.003900	0.000000
		0.000000	0.000000	0.004100
	meshfile	Geometry_cleaned/foot.vtp
	meshcolor	1.0	1.0	1.0
	meshscale	1.0	1.0	1.0
	meshrt	0.0	0.0	0.0	xyz	0.0	0.0	0.0
endsegment

marker	RCAL
	parent	calcn_r
	position	-0.01500000	0.02000000	0.00000000
	technical	1
	anatomical	0
endmarker
marker	RMFH1
	parent	calcn_r
	position	0.19000000	0.01500000	-0.04300000
	technical	1
	anatomical	0
endmarker
marker	RMFH5
	parent	calcn_r
	position	0.14500000	0.01000000	0.05300000
	technical	1
	anatomical	0
endmarker



segment	toes_r_parent_offset
	parent	calcn_r
	RTinMatrix	1
	RT
		1.000000	0.000000	0.000000	0.178800
		0.000000	1.000000	0.000000	-0.002000
		0.000000	0.000000	1.000000	0.001080
		0.000000	0.000000	0.000000	1.000000
endsegment



segment	toes_r_translation
	parent	toes_r_parent_offset
	RTinMatrix	1
	RT
		1.000000	0.000000	0.000000	0.000000
		0.000000	1.000000	0.000000	0.000000
		0.000000	0.000000	1.000000	0.000000
		0.000000	0.000000	0.000000	1.000000
endsegment



segment	toes_r_rotation_transform
	parent	toes_r_translation
	RTinMatrix	1
	RT
		-0.580954	0.000000	-0.813936	0.000000
		0.000000	1.000000	0.000000	0.000000
		0.813936	0.000000	-0.580954	0.000000
		0.000000	0.000000	0.000000	1.000000
	rotations	x
	rangesQ 
		-1.570796	1.570796

endsegment



segment	toes_r_reset_axis
	parent	toes_r_rotation_transform
	RTinMatrix	1
	RT
		-0.580954	0.000000	0.813936	0.000000
		0.000000	1.000000	0.000000	0.000000
		-0.813936	0.000000	-0.580954	0.000000
		0.000000	0.000000	0.000000	1.000000
endsegment



segment	toes_r
	parent	toes_r_reset_axis
	RTinMatrix	1
	RT
		1.000000	0.000000	0.000000	-0.000000
		0.000000	1.000000	0.000000	-0.000000
		0.000000	0.000000	1.000000	-0.000000
		0.000000	0.000000	0.000000	1.000000
	mass	0.2166
	CenterOfMass	0.034600	0.006000	-0.017500
	inertia
		0.000100	0.000000	0.000000
		0.000000	0.000200	0.000000
		0.000000	0.000000	0.001000
	meshfile	Geometry_cleaned/bofoot.vtp
	meshcolor	1.0	1.0	1.0
	meshscale	1.0	1.0	1.0
	meshrt	0.0	0.0	0.0	xyz	0.0	0.0	0.0
endsegment

marker	RTT2
	parent	toes_r
	position	0.06000000	0.01200000	0.01200000
	technical	1
	anatomical	0
endmarker



segment	femur_l_parent_offset
	parent	pelvis
	RTinMatrix	1
	RT
		1.000000	0.000000	0.000000	-0.070700
		0.000000	1.000000	0.000000	-0.066100
		0.000000	0.000000	1.000000	-0.083500
		0.000000	0.000000	0.000000	1.000000
endsegment



segment	femur_l_translation
	parent	femur_l_parent_offset
	RTinMatrix	1
	RT
		1.000000	0.000000	0.000000	0.000000
		0.000000	1.000000	0.000000	0.000000
		0.000000	0.000000	1.000000	0.000000
		0.000000	0.000000	0.000000	1.000000
endsegment



segment	femur_l_rotation_transform
	parent	femur_l_translation
	RTinMatrix	1
	RT
		0.000000	-1.000000	0.000000	0.000000
		0.000000	0.000000	-1.000000	0.000000
		1.000000	0.000000	0.000000	0.000000
		0.000000	0.000000	0.000000	1.000000
	rotations	xyz
	rangesQ 
		-2.618000	2.094395
		-2.094395	2.094395
		-2.094395	2.094395

endsegment



segment	femur_l_reset_axis
	parent	femur_l_rotation_transform
	RTinMatrix	1
	RT
		0.000000	0.000000	1.000000	0.000000
		-1.000000	0.000000	0.000000	0.000000
		0.000000	-1.000000	0.000000	0.000000
		0.000000	0.000000	0.000000	1.000000
endsegment



segment	femur_l
	parent	femur_l_reset_axis
	RTinMatrix	1
	RT
		1.000000	0.000000	0.000000	-0.000000
		0.000000	1.000000	0.000000	-0.000000
		0.000000	0.000000	1.000000	-0.000000
		0.000000	0.000000	0.000000	1.000000
	mass	9.3014
	CenterOfMass	0.000000	-0.170000	0.000000
	inertia
		0.133900	0.000000	0.000000
		0.000000	0.035100	0.000000
		0.000000	0.000000	0.141200
	meshfile	Geometry_cleaned/femur_l.vtp
	meshcolor	1.0	1.0	1.0
	meshscale	1.0	1.0	1.0
	meshrt	0.0	0.0	0.0	xyz	0.0	0.0	0.0
endsegment

marker	LGT
	parent	femur_l
	position	-0.04200000	0.00000000	-0.10000000
	technical	1
	anatomical	0
endmarker
marker	LLFE
	parent	femur_l
	position	0.00000000	-0.39000000	-0.05000000
	technical	1
	anatomical	0
endmarker
marker	LMFE
	parent	femur_l
	position	0.00000000	-0.39000000	0.05500000
	technical	1
	anatomical	0
endmarker



segment	tibia_l_parent_offset
	parent	femur_l
	RTinMatrix	1
	RT
		1.000000	0.000000	0.000000	0.000000
		0.000000	1.000000	0.000000	-0.390000
		0.000000	0.000000	1.000000	0.000000
		0.000000	0.000000	0.000000	1.000000
endsegment



segment	tibia_l_translation
	parent	tibia_l_parent_offset
	RTinMatrix	1
	RT
		1.000000	0.000000	0.000000	0.000000
		0.000000	1.000000	0.000000	0.000000
		0.000000	0.000000	1.000000	0.000000
		0.000000	0.000000	0.000000	1.000000
endsegment



segment	tibia_l_rotation_transform
	parent	tibia_l_translation
	RTinMatrix	1
	RT
		0.000000	0.000000	-1.000000	0.000000
		0.000000	1.000000	0.000000	0.000000
		1.000000	0.000000	0.000000	0.000000
		0.000000	0.000000	0.000000	1.000000
	rotations	x
	rangesQ 
		-3.141600	0.349100

endsegment



segment	tibia_l_reset_axis
	parent	tibia_l_rotation_transform
	RTinMatrix	1
	RT
		0.000000	0.000000	1.000000	0.000000
		0.000000	1.000000	0.000000	0.000000
		-1.000000	0.000000	0.000000	0.000000
		0.000000	0.000000	0.000000	1.000000
endsegment



segment	tibia_l_geom_2
	parent	tibia_l_reset_axis
	RTinMatrix	1
	RT
		1.000000	0.000000	0.000000	0.000000
		0.000000	1.000000	0.000000	0.000000
		0.000000	0.000000	1.000000	0.000000
		0.000000	0.000000	0.000000	1.000000
	meshfile	Geometry_cleaned/fibula_l.vtp
	meshcolor	1.0	1.0	1.0
	meshscale	1.0	1.0	1.0
	meshrt	0.0	0.0	0.0	xyz	0.0	0.0	0.0
endsegment



segment	tibia_l
	parent	tibia_l_geom_2
	RTinMatrix	1
	RT
		1.000000	0.000000	0.000000	-0.000000
		0.000000	1.000000	0.000000	-0.000000
		0.000000	0.000000	1.000000	-0.000000
		0.000000	0.000000	0.000000	1.000000
	mass	3.7075
	CenterOfMass	0.000000	-0.186700	0.000000
	inertia
		0.050400	0.000000	0.000000
		0.000000	0.005100	0.000000
		0.000000	0.000000	0.051100
	meshfile	Geometry_cleaned/tibia_l.vtp
	meshcolor	1.0	1.0	1.0
	meshscale	1.0	1.0	1.0
	meshrt	0.0	0.0	0.0	xyz	0.0	0.0	0.0
endsegment

marker	LATT
	parent	tibia_l
	position	0.05800000	-0.07000000	0.00500000
	technical	1
	anatomical	0
endmarker
marker	LLM
	parent	tibia_l
	position	-0.00500000	-0.42000000	-0.05500000
	technical	1
	anatomical	0
endmarker
marker	LSPH
	parent	tibia_l
	position	0.00600000	-0.39500000	0.04500000
	technical	1
	anatomical	0
endmarker



segment	talus_l_parent_offset
	parent	tibia_l
	RTinMatrix	1
	RT
		1.000000	0.000000	0.000000	0.000000
		0.000000	1.000000	0.000000	-0.430000
		0.000000	0.000000	1.000000	0.000000
		0.000000	0.000000	0.000000	1.000000
endsegment



segment	talus_l_translation
	parent	talus_l_parent_offset
	RTinMatrix	1
	RT
		1.000000	0.000000	0.000000	0.000000
		0.000000	1.000000	0.000000	0.000000
		0.000000	0.000000	1.000000	0.000000
		0.000000	0.000000	0.000000	1.000000
endsegment



segment	tibia_l_offset_ankle_angle_l
	parent	talus_l_translation
	RTinMatrix	1
	RT
		0.105014	0.937514	-0.331723	0.000000
		0.174022	0.311097	0.934310	0.000000
		0.979126	-0.155843	-0.130479	0.000000
		0.000000	0.000000	0.000000	1.000000
	rotations	x
	rangesQ 
		-1.047198	1.047198

endsegment



segment	talus_l_rotation_1
	parent	tibia_l_offset_ankle_angle_l
	RTinMatrix	1
	RT
		0.737313	0.174022	0.652752	0.000000
		0.587756	0.311097	-0.746835	0.000000
		-0.333035	0.934310	0.127093	0.000000
		0.000000	0.000000	0.000000	1.000000
endsegment



segment	talus_l_rotation_2
	parent	talus_l_rotation_1
	RTinMatrix	1
	RT
		-0.517237	0.541364	0.662866	0.000000
		0.723035	0.690811	0.000000	0.000000
		-0.457916	0.479276	-0.748738	0.000000
		0.000000	0.000000	0.000000	1.000000
endsegment



segment	talus_l_reset_axis
	parent	talus_l_rotation_2
	RTinMatrix	1
	RT
		-0.073669	0.723035	-0.686872	0.000000
		0.077105	0.690811	0.718912	0.000000
		0.994298	0.000000	-0.106641	0.000000
		0.000000	0.000000	0.000000	1.000000
endsegment



segment	talus_l
	parent	talus_l_reset_axis
	RTinMatrix	1
	RT
		1.000000	0.000000	0.000000	-0.000000
		0.000000	1.000000	0.000000	-0.000000
		0.000000	0.000000	1.000000	-0.000000
		0.000000	0.000000	0.000000	1.000000
	mass	0.1
	CenterOfMass	0.000000	0.000000	0.000000
	inertia
		0.001000	0.000000	0.000000
		0.000000	0.001000	0.000000
		0.000000	0.000000	0.001000
	meshfile	Geometry_cleaned/talus_lv.vtp
	meshcolor	1.0	1.0	1.0
	meshscale	1.0	1.0	1.0
	meshrt	0.0	0.0	0.0	xyz	0.0	0.0	0.0
endsegment



segment	calcn_l_parent_offset
	parent	talus_l
	RTinMatrix	1
	RT
		1.000000	0.000000	0.000000	-0.048770
		0.000000	1.000000	0.000000	-0.041950
		0.000000	0.000000	1.000000	-0.007920
		0.000000	0.000000	0.000000	1.000000
endsegment



segment	calcn_l_translation
	parent	calcn_l_parent_offset
	RTinMatrix	1
	RT
		1.000000	0.000000	0.000000	0.000000
		0.000000	1.000000	0.000000	0.000000
		0.000000	0.000000	1.000000	0.000000
		0.000000	0.000000	0.000000	1.000000
endsegment



segment	talus_l_offset_subtalar_angle_l
	parent	calcn_l_translation
	RTinMatrix	1
	RT
		-0.787180	0.537798	0.301863	0.000000
		-0.604747	-0.577119	-0.548830	0.000000
		-0.120949	-0.614579	0.779528	0.000000
		0.000000	0.000000	0.000000	1.000000
	rotations	x
	rangesQ 
		-1.570796	1.570796

endsegment



segment	calcn_l_rotation_1
	parent	talus_l_offset_subtalar_angle_l
	RTinMatrix	1
	RT
		-0.458388	-0.604747	0.651277	0.000000
		-0.311310	-0.577119	-0.754997	0.000000
		0.832446	-0.548830	0.076280	0.000000
		0.000000	0.000000	0.000000	1.000000
endsegment



segment	calcn_l_rotation_2
	parent	calcn_l_rotation_1
	RTinMatrix	1
	RT
		0.067968	0.571535	0.817758	0.000000
		-0.993003	0.118089	0.000000	0.000000
		-0.096568	-0.812036	0.575562	0.000000
		0.000000	0.000000	0.000000	1.000000
endsegment



segment	calcn_l_reset_axis
	parent	calcn_l_rotation_2
	RTinMatrix	1
	RT
		0.116719	-0.993003	0.017934	0.000000
		0.981485	0.118089	0.150804	0.000000
		-0.151867	0.000000	0.988401	0.000000
		0.000000	0.000000	0.000000	1.000000
endsegment



segment	calcn_l
	parent	calcn_l_reset_axis
	RTinMatrix	1
	RT
		1.000000	0.000000	0.000000	-0.000000
		0.000000	1.000000	0.000000	-0.000000
		0.000000	0.000000	1.000000	-0.000000
		0.000000	0.000000	0.000000	1.000000
	mass	1.25
	CenterOfMass	0.100000	0.030000	0.000000
	inertia
		0.001400	0.000000	0.000000
		0.000000	0.003900	0.000000
		0.000000	0.000000	0.004100
	meshfile	Geometry_cleaned/l_foot.vtp
	meshcolor	1.0	1.0	1.0
	meshscale	1.0	1.0	1.0
	meshrt	0.0	0.0	0.0	xyz	0.0	0.0	0.0
endsegment

marker	LCAL
	parent	calcn_l
	position	-0.01500000	0.02000000	0.00000000
	technical	1
	anatomical	0
endmarker
marker	LMFH1
	parent	calcn_l
	position	0.19000000	0.01500000	0.04300000
	technical	1
	anatomical	0
endmarker
marker	LMFH5
	parent	calcn_l
	position	0.14500000	0.01000000	-0.05300000
	technical	1
	anatomical	0
endmarker



segment	toes_l_parent_offset
	parent	calcn_l
	RTinMatrix	1
	RT
		1.000000	0.000000	0.000000	0.178800
		0.000000	1.000000	0.000000	-0.002000
		0.000000	0.000000	1.000000	-0.001080
		0.000000	0.000000	0.000000	1.000000
endsegment



segment	toes_l_translation
	parent	toes_l_parent_offset
	RTinMatrix	1
	RT
		1.000000	0.000000	0.000000	0.000000
		0.000000	1.000000	0.000000	0.000000
		0.000000	0.000000	1.000000	0.000000
		0.000000	0.000000	0.000000	1.000000
endsegment



segment	toes_l_rotation_transform
	parent	toes_l_translation
	RTinMatrix	1
	RT
		0.580954	0.000000	-0.813936	0.000000
		0.000000	1.000000	0.000000	0.000000
		0.813936	0.000000	0.580954	0.000000
		0.000000	0.000000	0.000000	1.000000
	rotations	x
	rangesQ 
		-1.047198	1.047198

endsegment



segment	toes_l_reset_axis
	parent	toes_l_rotation_transform
	RTinMatrix	1
	RT
		0.580954	0.000000	0.813936	0.000000
		0.000000	1.000000	0.000000	0.000000
		-0.813936	0.000000	0.580954	0.000000
		0.000000	0.000000	0.000000	1.000000
endsegment



segment	toes_l
	parent	toes_l_reset_axis
	RTinMatrix	1
	RT
		1.000000	0.000000	0.000000	-0.000000
		0.000000	1.000000	0.000000	-0.000000
		0.000000	0.000000	1.000000	-0.000000
		0.000000	0.000000	0.000000	1.000000
	mass	0.2166
	CenterOfMass	0.034600	0.006000	0.017500
	inertia
		0.000100	0.000000	0.000000
		0.000000	0.000200	0.000000
		0.000000	0.000000	0.001000
	meshfile	Geometry_cleaned/l_bofoot.vtp
	meshcolor	1.0	1.0	1.0
	meshscale	1.0	1.0	1.0
	meshrt	0.0	0.0	0.0	xyz	0.0	0.0	0.0
endsegment

marker	LTT2
	parent	toes_l
	position	0.06000000	0.01200000	-0.01200000
	technical	1
	anatomical	0
endmarker



segment	torso_parent_offset
	parent	pelvis
	RTinMatrix	1
	RT
		1.000000	0.000000	0.000000	-0.100700
		0.000000	1.000000	0.000000	0.081500
		0.000000	0.000000	1.000000	0.000000
		0.000000	0.000000	0.000000	1.000000
endsegment



segment	torso_translation
	parent	torso_parent_offset
	RTinMatrix	1
	RT
		1.000000	0.000000	0.000000	0.000000
		0.000000	1.000000	0.000000	0.000000
		0.000000	0.000000	1.000000	0.000000
		0.000000	0.000000	0.000000	1.000000
endsegment



segment	torso_rotation_transform
	parent	torso_translation
	RTinMatrix	1
	RT
		0.000000	1.000000	0.000000	0.000000
		0.000000	0.000000	1.000000	0.000000
		1.000000	0.000000	0.000000	0.000000
		0.000000	0.000000	0.000000	1.000000
	rotations	xyz
	rangesQ 
		-1.570796	1.570796
		-1.570796	1.570796
		-1.570796	1.570796

endsegment



segment	torso_reset_axis
	parent	torso_rotation_transform
	RTinMatrix	1
	RT
		0.000000	0.000000	1.000000	0.000000
		1.000000	0.000000	0.000000	0.000000
		0.000000	1.000000	0.000000	0.000000
		0.000000	0.000000	0.000000	1.000000
endsegment



segment	torso_geom_2
	parent	torso_reset_axis
	RTinMatrix	1
	RT
		1.000000	0.000000	0.000000	0.000000
		0.000000	1.000000	0.000000	0.000000
		0.000000	0.000000	1.000000	0.000000
		0.000000	0.000000	0.000000	1.000000
	meshfile	Geometry_cleaned/hat_ribs_scap.vtp
	meshcolor	1.0	1.0	1.0
	meshscale	1.0	1.0	1.0
	meshrt	0.0	0.0	0.0	xyz	0.0	0.0	0.0
endsegment



segment	torso
	parent	torso_geom_2
	RTinMatrix	1
	RT
		1.000000	0.000000	0.000000	-0.000000
		0.000000	1.000000	0.000000	-0.000000
		0.000000	0.000000	1.000000	-0.000000
		0.000000	0.000000	0.000000	1.000000
	mass	21.28
	CenterOfMass	0.003000	0.246000	0.000000
	inertia
		0.627499	0.000000	0.000000
		0.000000	0.627499	0.000000
		0.000000	0.000000	0.845584
	meshfile	Geometry_cleaned/hat_spine.vtp
	meshcolor	1.0	1.0	1.0
	meshscale	1.0	1.0	1.0
	meshrt	0.0	0.0	0.0	xyz	0.0	0.0	0.0
endsegment

marker	STR
	parent	torso
	position	0.10000000	0.22000000	0.00000000
	technical	1
	anatomical	0
endmarker
marker	RA
	parent	torso
	position	-0.03000000	0.42000000	0.15000000
	technical	1
	anatomical	0
endmarker
marker	LA
	parent	torso
	position	-0.03000000	0.42000000	-0.15000000
	technical	1
	anatomical	0
endmarker
marker	C7
	parent	torso
	position	-0.07600000	0.43000000	0.00000000
	technical	1
	anatomical	0
endmarker
marker	T10
	parent	torso
	position	-0.11000000	0.21000000	0.00000000
	technical	1
	anatomical	0
endmarker
marker	SUP
	parent	torso
	position	0.04100000	0.38000000	0.00000000
	technical	1
	anatomical	0
endmarker



segment	head_and_neck_parent_offset
	parent	torso
	RTinMatrix	1
	RT
		1.000000	0.000000	0.000000	-0.010000
		0.000000	1.000000	0.000000	0.445000
		0.000000	0.000000	1.000000	-0.000000
		0.000000	0.000000	0.000000	1.000000
endsegment



segment	head_and_neck_translation
	parent	head_and_neck_parent_offset
	RTinMatrix	1
	RT
		1.000000	0.000000	0.000000	0.000000
		0.000000	1.000000	0.000000	0.000000
		0.000000	0.000000	1.000000	0.000000
		0.000000	0.000000	0.000000	1.000000
endsegment



segment	head_and_neck_rotation_transform
	parent	head_and_neck_translation
	RTinMatrix	1
	RT
		0.000000	1.000000	0.000000	0.000000
		0.000000	0.000000	1.000000	0.000000
		1.000000	0.000000	0.000000	0.000000
		0.000000	0.000000	0.000000	1.000000
	rotations	xyz
	rangesQ 
		-1.745330	1.047198
		-0.600000	0.600000
		-1.221700	1.221700

endsegment



segment	head_and_neck_reset_axis
	parent	head_and_neck_rotation_transform
	RTinMatrix	1
	RT
		0.000000	0.000000	1.000000	0.000000
		1.000000	0.000000	0.000000	0.000000
		0.000000	1.000000	0.000000	0.000000
		0.000000	0.000000	0.000000	1.000000
endsegment



segment	head_and_neck_geom_2
	parent	head_and_neck_reset_axis
	RTinMatrix	1
	RT
		1.000000	0.000000	0.000000	0.000000
		0.000000	1.000000	0.000000	0.060000
		0.000000	0.000000	1.000000	0.000000
		0.000000	0.000000	0.000000	1.000000
	meshfile	Geometry_cleaned/skull.vtp
	meshcolor	1.0	1.0	1.0
	meshscale	1.0	1.0	1.0
	meshrt	0.0	0.0	0.0	xyz	0.0	0.0	0.0
endsegment



segment	head_and_neck
	parent	head_and_neck_geom_2
	RTinMatrix	1
	RT
		1.000000	0.000000	0.000000	-0.000000
		0.000000	1.000000	0.000000	-0.000000
		0.000000	0.000000	1.000000	-0.000000
		0.000000	0.000000	0.000000	1.000000
	mass	4.69
	CenterOfMass	-0.006000	0.149000	0.000000
	inertia
		0.026833	0.000226	0.000251
		0.000226	0.017452	0.000112
		0.000251	0.000112	0.026933
	meshfile	Geometry_cleaned/jaw.vtp
	meshcolor	1.0	1.0	1.0
	meshscale	1.0	1.0	1.0
	meshrt	0.0	0.0	0.0	xyz	0.0	0.0	0.0
endsegment

marker	SEL
	parent	head_and_neck
	position	0.12000000	0.17000000	0.00400000
	technical	1
	anatomical	0
endmarker
marker	OCC
	parent	head_and_neck
	position	-0.10000000	0.14000000	0.00000000
	technical	1
	anatomical	0
endmarker
marker	RTEMP
	parent	head_and_neck
	position	0.02000000	0.15000000	0.10000000
	technical	1
	anatomical	0
endmarker
marker	LTEMP
	parent	head_and_neck
	position	0.02000000	0.15000000	-0.10000000
	technical	1
	anatomical	0
endmarker
marker	HV
	parent	head_and_neck
	position	0.00000000	0.23000000	0.00000000
	technical	1
	anatomical	0
endmarker



segment	humerus_r_parent_offset
	parent	torso
	RTinMatrix	1
	RT
		1.000000	0.000000	0.000000	0.003155
		0.000000	1.000000	0.000000	0.371500
		0.000000	0.000000	1.000000	0.170000
		0.000000	0.000000	0.000000	1.000000
endsegment



segment	humerus_r_translation
	parent	humerus_r_parent_offset
	RTinMatrix	1
	RT
		1.000000	0.000000	0.000000	0.000000
		0.000000	1.000000	0.000000	0.000000
		0.000000	0.000000	1.000000	0.000000
		0.000000	0.000000	0.000000	1.000000
endsegment



segment	humerus_r_rotation_transform
	parent	humerus_r_translation
	RTinMatrix	1
	RT
		0.000000	1.000000	0.000000	0.000000
		0.000000	0.000000	1.000000	0.000000
		1.000000	0.000000	0.000000	0.000000
		0.000000	0.000000	0.000000	1.000000
	rotations	xyz
	rangesQ 
		-1.570796	3.141600
		-3.839700	1.570796
		-1.570796	1.570796

endsegment



segment	humerus_r_reset_axis
	parent	humerus_r_rotation_transform
	RTinMatrix	1
	RT
		0.000000	0.000000	1.000000	0.000000
		1.000000	0.000000	0.000000	0.000000
		0.000000	1.000000	0.000000	0.000000
		0.000000	0.000000	0.000000	1.000000
endsegment



segment	humerus_r
	parent	humerus_r_reset_axis
	RTinMatrix	1
	RT
		1.000000	0.000000	0.000000	-0.000000
		0.000000	1.000000	0.000000	-0.000000
		0.000000	0.000000	1.000000	-0.000000
		0.000000	0.000000	0.000000	1.000000
	mass	2.0325
	CenterOfMass	0.000000	-0.164502	0.000000
	inertia
		0.011946	0.000000	0.000000
		0.000000	0.004121	0.000000
		0.000000	0.000000	0.013409
	meshfile	Geometry_cleaned/humerus_rv.vtp
	meshcolor	1.0	1.0	1.0
	meshscale	1.0	1.0	1.0
	meshrt	0.0	0.0	0.0	xyz	0.0	0.0	0.0
endsegment

marker	RLHE
	parent	humerus_r
	position	0.02500000	-0.27000000	0.03800000
	technical	1
	anatomical	0
endmarker
marker	RMHE
	parent	humerus_r
	position	0.00100000	-0.28000000	-0.04500000
	technical	1
	anatomical	0
endmarker



segment	ulna_r_parent_offset
	parent	humerus_r
	RTinMatrix	1
	RT
		1.000000	0.000000	0.000000	0.013144
		0.000000	1.000000	0.000000	-0.286273
		0.000000	0.000000	1.000000	-0.009595
		0.000000	0.000000	0.000000	1.000000
endsegment



segment	ulna_r_translation
	parent	ulna_r_parent_offset
	RTinMatrix	1
	RT
		1.000000	0.000000	0.000000	0.000000
		0.000000	1.000000	0.000000	0.000000
		0.000000	0.000000	1.000000	0.000000
		0.000000	0.000000	0.000000	1.000000
endsegment



segment	humerus_r_offset_elbow_flex_r
	parent	ulna_r_translation
	RTinMatrix	1
	RT
		0.226047	0.592684	-0.773065	0.000000
		0.022269	0.790254	0.612374	0.000000
		0.973862	-0.155641	0.165436	0.000000
		0.000000	0.000000	0.000000	1.000000
	rotations	x
	rangesQ 
		0.000000	3.141600

endsegment



segment	ulna_r_rotation_1
	parent	humerus_r_offset_elbow_flex_r
	RTinMatrix	1
	RT
		0.953377	0.022269	0.300958	0.000000
		0.167605	0.790254	-0.589412	0.000000
		-0.250959	0.612374	0.749678	0.000000
		0.000000	0.000000	0.000000	1.000000
endsegment



segment	ulna_r_rotation_2
	parent	ulna_r_rotation_1
	RTinMatrix	1
	RT
		-0.507856	0.807131	0.301033	0.000000
		0.846392	0.532560	-0.000000	0.000000
		-0.160318	0.254792	-0.953614	0.000000
		0.000000	0.000000	0.000000	1.000000
endsegment



segment	ulna_r_reset_axis
	parent	ulna_r_rotation_2
	RTinMatrix	1
	RT
		-0.120413	0.846392	-0.518768	0.000000
		0.191372	0.532560	0.824474	0.000000
		0.974103	-0.000000	-0.226103	0.000000
		0.000000	0.000000	0.000000	1.000000
endsegment



segment	ulna_r
	parent	ulna_r_reset_axis
	RTinMatrix	1
	RT
		1.000000	0.000000	0.000000	-0.000000
		0.000000	1.000000	0.000000	-0.000000
		0.000000	0.000000	1.000000	-0.000000
		0.000000	0.000000	0.000000	1.000000
	mass	0.6075
	CenterOfMass	0.000000	-0.120525	0.000000
	inertia
		0.002962	0.000000	0.000000
		0.000000	0.000618	0.000000
		0.000000	0.000000	0.003213
	meshfile	Geometry_cleaned/ulna_rv.vtp
	meshcolor	1.0	1.0	1.0
	meshscale	1.0	1.0	1.0
	meshrt	0.0	0.0	0.0	xyz	0.0	0.0	0.0
endsegment



segment	radius_r_parent_offset
	parent	ulna_r
	RTinMatrix	1
	RT
		1.000000	0.000000	0.000000	-0.006727
		0.000000	1.000000	0.000000	-0.013007
		0.000000	0.000000	1.000000	0.026083
		0.000000	0.000000	0.000000	1.000000
endsegment



segment	radius_r_translation
	parent	radius_r_parent_offset
	RTinMatrix	1
	RT
		1.000000	0.000000	0.000000	0.000000
		0.000000	1.000000	0.000000	0.000000
		0.000000	0.000000	1.000000	0.000000
		0.000000	0.000000	0.000000	1.000000
endsegment



segment	ulna_r_offset_pro_sup_r
	parent	radius_r_translation
	RTinMatrix	1
	RT
		0.056398	0.958761	0.278562	0.000000
		0.998406	-0.054704	-0.013858	0.000000
		0.001952	0.278900	-0.960318	0.000000
		0.000000	0.000000	0.000000	1.000000
	rotations	x
	rangesQ 
		-3.141600	3.141600

endsegment



segment	radius_r_rotation_1
	parent	ulna_r_offset_pro_sup_r
	RTinMatrix	1
	RT
		0.054078	0.998406	-0.016127	0.000000
		0.997649	-0.054704	-0.041270	0.000000
		-0.042087	-0.013858	-0.999018	0.000000
		0.000000	0.000000	0.000000	1.000000
endsegment



segment	radius_r_rotation_2
	parent	radius_r_rotation_1
	RTinMatrix	1
	RT
		-0.476909	0.831196	-0.285783	0.000000
		0.867370	0.497664	0.000000	0.000000
		0.142224	-0.247879	-0.958294	0.000000
		0.000000	0.000000	0.000000	1.000000
endsegment



segment	radius_r_reset_axis
	parent	radius_r_rotation_2
	RTinMatrix	1
	RT
		-0.497366	0.867370	-0.017218	0.000000
		0.866851	0.497664	0.030009	0.000000
		0.034598	-0.000000	-0.999401	0.000000
		0.000000	0.000000	0.000000	1.000000
endsegment



segment	radius_r
	parent	radius_r_reset_axis
	RTinMatrix	1
	RT
		1.000000	0.000000	0.000000	-0.000000
		0.000000	1.000000	0.000000	-0.000000
		0.000000	0.000000	1.000000	-0.000000
		0.000000	0.000000	0.000000	1.000000
	mass	0.6075
	CenterOfMass	0.000000	-0.120525	0.000000
	inertia
		0.002962	0.000000	0.000000
		0.000000	0.000618	0.000000
		0.000000	0.000000	0.003213
	meshfile	Geometry_cleaned/radius_rv.vtp
	meshcolor	1.0	1.0	1.0
	meshscale	1.0	1.0	1.0
	meshrt	0.0	0.0	0.0	xyz	0.0	0.0	0.0
endsegment

marker	RUS
	parent	radius_r
	position	-0.01500000	-0.23000000	-0.01800000
	technical	1
	anatomical	0
endmarker
marker	RRS
	parent	radius_r
	position	-0.00300000	-0.23000000	0.05000000
	technical	1
	anatomical	0
endmarker



segment	lunate_r_parent_offset
	parent	radius_r
	RTinMatrix	1
	RT
		1.000000	0.000000	0.000000	-0.008797
		0.000000	0.995004	-0.099833	-0.235841
		0.000000	0.099833	0.995004	0.013610
		0.000000	0.000000	0.000000	1.000000
endsegment



segment	lunate_r_translation
	parent	lunate_r_parent_offset
	RTinMatrix	1
	RT
		1.000000	0.000000	0.000000	0.000000
		0.000000	1.000000	0.000000	0.000000
		0.000000	0.000000	1.000000	0.000000
		0.000000	0.000000	0.000000	1.000000
endsegment



segment	lunate_r_rotation_transform
	parent	lunate_r_translation
	RTinMatrix	1
	RT
		0.000000	1.000000	0.000000	0.000000
		0.000000	0.000000	1.000000	0.000000
		1.000000	0.000000	0.000000	0.000000
		0.000000	0.000000	0.000000	1.000000
	rotations	x
	rangesQ 
		-1.570800	1.570800

endsegment



segment	lunate_r_reset_axis
	parent	lunate_r_rotation_transform
	RTinMatrix	1
	RT
		0.000000	0.000000	1.000000	0.000000
		1.000000	0.000000	0.000000	0.000000
		0.000000	1.000000	0.000000	0.000000
		0.000000	0.000000	0.000000	1.000000
endsegment



segment	lunate_r
	parent	lunate_r_reset_axis
	RTinMatrix	1
	RT
		1.000000	0.000000	0.000000	-0.000000
		0.000000	1.000000	0.000000	-0.000000
		0.000000	0.000000	1.000000	-0.000000
		0.000000	0.000000	0.000000	1.000000
	mass	0.01
	CenterOfMass	0.000000	0.000000	0.000000
	inertia
		0.000010	0.000000	0.000000
		0.000000	0.000010	0.000000
		0.000000	0.000000	0.000010
	meshfile	Geometry_cleaned/lunate_rvs.vtp
	meshcolor	1.0	1.0	1.0
	meshscale	0.85	0.85	0.85
	meshrt	0.0	0.0	0.0	xyz	0.0	0.0	0.0
endsegment



segment	hand_r_parent_offset
	parent	lunate_r
	RTinMatrix	1
	RT
		1.000000	0.000000	0.000000	0.000000
		0.000000	1.000000	0.000000	0.000000
		0.000000	0.000000	1.000000	0.000000
		0.000000	0.000000	0.000000	1.000000
endsegment



segment	hand_r_translation
	parent	hand_r_parent_offset
	RTinMatrix	1
	RT
		1.000000	0.000000	0.000000	0.000000
		0.000000	1.000000	0.000000	0.000000
		0.000000	0.000000	1.000000	0.000000
		0.000000	0.000000	0.000000	1.000000
endsegment



segment	hand_r_rotation_transform
	parent	hand_r_translation
	RTinMatrix	1
	RT
		0.000000	1.000000	0.000000	0.000000
		0.000000	0.000000	1.000000	0.000000
		1.000000	0.000000	0.000000	0.000000
		0.000000	0.000000	0.000000	1.000000
	rotations	y
	rangesQ 
		-0.436332	0.610865

endsegment



segment	hand_r_reset_axis
	parent	hand_r_rotation_transform
	RTinMatrix	1
	RT
		0.000000	0.000000	1.000000	0.000000
		1.000000	0.000000	0.000000	0.000000
		0.000000	1.000000	0.000000	0.000000
		0.000000	0.000000	0.000000	1.000000
endsegment



segment	hand_r_geom_2
	parent	hand_r_reset_axis
	RTinMatrix	1
	RT
		1.000000	0.000000	0.000000	0.000000
		0.000000	1.000000	0.000000	0.000000
		0.000000	0.000000	1.000000	0.000000
		0.000000	0.000000	0.000000	1.000000
	meshfile	Geometry_cleaned/scaphoid_rvs.vtp
	meshcolor	1.0	1.0	1.0
	meshscale	0.85	0.85	0.85
	meshrt	0.0	0.0	0.0	xyz	0.0	0.0	0.0
endsegment



segment	hand_r_geom_3
	parent	hand_r_reset_axis
	RTinMatrix	1
	RT
		1.000000	0.000000	0.000000	0.000000
		0.000000	1.000000	0.000000	0.000000
		0.000000	0.000000	1.000000	0.000000
		0.000000	0.000000	0.000000	1.000000
	meshfile	Geometry_cleaned/triquetrum_rvs.vtp
	meshcolor	1.0	1.0	1.0
	meshscale	0.85	0.85	0.85
	meshrt	0.0	0.0	0.0	xyz	0.0	0.0	0.0
endsegment



segment	hand_r_geom_4
	parent	hand_r_reset_axis
	RTinMatrix	1
	RT
		1.000000	0.000000	0.000000	0.000000
		0.000000	1.000000	0.000000	0.000000
		0.000000	0.000000	1.000000	0.000000
		0.000000	0.000000	0.000000	1.000000
	meshfile	Geometry_cleaned/hamate_rvs.vtp
	meshcolor	1.0	1.0	1.0
	meshscale	0.85	0.85	0.85
	meshrt	0.0	0.0	0.0	xyz	0.0	0.0	0.0
endsegment



